pygame 2.0.2.dev1 (SDL 2.0.14, Python 3.8.10)
Hello from the pygame community. https://www.pygame.org/contribute.html
----------------------
[-0.4629498  1.       ]
[0.0258164 1.       ]
[-0.42025077  1.        ]
[0.77173257 1.        ]
[-0.48009172  1.        ]
[-0.8943706  1.       ]
[-0.5166526  1.       ]
[0.9 1. ]
[0.9 1. ]
[0.9 1. ]
[0.4144043 1.       ]
[-0.9  1. ]
[-0.5220572  1.       ]
[0.05144506 1.        ]
[-0.9  1. ]
[-0.3827372  1.       ]
[-0.7371029  1.       ]
[0.9 1. ]
[0.9 1. ]
[-0.45742103  1.        ]
[0.23820405 1.        ]
[-0.9  1. ]
[-0.4890808  1.       ]
[-0.9  1. ]
[0.9 1. ]
[0.9 1. ]
[-0.56279176  1.        ]
[-0.39224964  1.        ]
[-0.23488411  1.        ]
[-0.6244264  1.       ]
[0.78696203 1.        ]
[0.9 1. ]
[-0.46950313  1.        ]
[0.1124946 1.       ]
[0.9 1. ]
[-0.9  1. ]
[-0.83014315  1.        ]
[0.9 1. ]
[-0.8821626  1.       ]
[0.39636555 1.        ]
[-0.9  1. ]
[0.9 1. ]
[0.5464218 1.       ]
[-0.2517224  1.       ]
[0.23098895 1.        ]
[0.7036644 1.       ]
[-0.69958234  1.        ]
[0.75232506 1.        ]
[0.39058045 1.        ]
[-0.02690189  1.        ]
[-0.14090496  1.        ]
[0.6332392 1.       ]
[-0.9  1. ]
[-0.9  1. ]
[-0.9  1. ]
[0.9 1. ]
[-0.5164754  1.       ]
[0.65277445 1.        ]
[0.19921839 1.        ]
[0.6761355 1.       ]
[0.9 1. ]
[0.17318933 1.        ]
[0.9 1. ]
[-0.9  1. ]
[0.308322 1.      ]
[0.9 1. ]
[0.9 1. ]
[-0.9  1. ]
[0.9 1. ]
[-0.9  1. ]
[0.5587586 1.       ]
[-0.9  1. ]
[0.9 1. ]
[0.6333229 1.       ]
[-0.38658273  1.        ]
[0.5552983 1.       ]
[0.9 1. ]
[-0.10258673  1.        ]
[0.2842634 1.       ]
[-0.37435046  1.        ]
[0.29399693 1.        ]
[0.9 1. ]
[0.9 1. ]
[0.9 1. ]
[0.9 1. ]
[0.9 1. ]
[-0.9  1. ]
[0.4257406 1.       ]
[-0.9  1. ]
[-0.23912507  1.        ]
[-0.9  1. ]
[-0.20794393  1.        ]
[-0.9  1. ]
[-0.7742347  1.       ]
[-0.9  1. ]
[0.59330446 1.        ]
[0.05251254 1.        ]
[0.83950746 1.        ]
[0.9 1. ]
[0.9 1. ]
[0.4421395 1.       ]
[-0.25141937  1.        ]
[0.26603672 1.        ]
[0.9 1. ]
[0.4014948 1.       ]
[0.9 1. ]
[-0.21417357  1.        ]
[-0.10718488  1.        ]
[0.9 1. ]
[-0.9  1. ]
[-0.2161371  1.       ]
[-0.44914797  1.        ]
[0.9 1. ]
[-0.6558553  1.       ]
[0.00463749 1.        ]
[0.71216106 1.        ]
[-0.9  1. ]
[-0.20036376  1.        ]
[-0.8551937  1.       ]
[-0.3118716  1.       ]
[0.9 1. ]
[0.9 1. ]
[0.9 1. ]
[0.649486 1.      ]
[-0.9  1. ]
[-0.9  1. ]
[0.9 1. ]
[0.24463794 1.        ]
[0.22335702 1.        ]
[0.64393044 1.        ]
[-0.08370451  1.        ]
[-0.07772557  1.        ]
[-0.9  1. ]
[-0.9  1. ]
[-0.9  1. ]
[-0.695459  1.      ]
[0.44720334 1.        ]
[-0.06520526  1.        ]
[0.9 1. ]
[-0.9  1. ]
[-0.42186475  1.        ]
[0.2733154 1.       ]
[-0.24927291  1.        ]
[0.9 1. ]
[-0.9  1. ]
[-0.9  1. ]
[-0.2776204  1.       ]
[0.6977724 1.       ]
[0.9 1. ]
[0.9 1. ]
[0.5965984 1.       ]
[-0.16799542  1.        ]
[0.9 1. ]
[-0.47347933  1.        ]
[-0.9  1. ]
[-0.6042213  1.       ]
[-0.9  1. ]
[0.35614628 1.        ]
[0.32438153 1.        ]
[-0.9  1. ]
[-0.19457024  1.        ]
[-0.40662768  1.        ]
[-0.32761046  1.        ]
[0.29383224 1.        ]
[0.30992478 1.        ]
[0.11489623 1.        ]
[0.9 1. ]
[-0.57518244  1.        ]
[-0.47742984  1.        ]
[0.9 1. ]
[-0.9  1. ]
[-0.9  1. ]
[-0.8581535  1.       ]
[-0.1009972  1.       ]
[-0.15240432  1.        ]
[0.74946815 1.        ]
[-0.9  1. ]
[0.54481107 1.        ]
[0.4467714 1.       ]
[0.75008476 1.        ]
[0.9 1. ]
[-0.08380098  1.        ]
[-0.6747172  1.       ]
[-0.71807283  1.        ]
[0.29460397 1.        ]
[-0.02043072  1.        ]
[-0.00417922  1.        ]
[0.9 1. ]
[-0.9  1. ]
[-0.7674989  1.       ]
[0.9 1. ]
[0.65336347 1.        ]
[0.43922263 1.        ]
[-0.43293098  1.        ]
[-0.9  1. ]
[-0.7989745  1.       ]
[0.9 1. ]
[-0.9  1. ]
[-0.01994419  1.        ]
[-0.9  1. ]
[-0.85154796  1.        ]
[-0.9  1. ]
[-0.8526623  1.       ]
[0.69095504 1.        ]
[-0.9  1. ]
[-0.5295247  1.       ]
[0.10067485 1.        ]
[0.8221474 1.       ]
[-0.4313073  1.       ]
[0.9 1. ]
[-0.11047809  1.        ]
[0.4825147 1.       ]
[-0.9  1. ]
[-0.9  1. ]
[0.9 1. ]
[0.00714084 1.        ]
[-0.08500146  1.        ]
[0.9 1. ]
[-0.3853429  1.       ]
[0.9 1. ]
[-0.9  1. ]
[0.3279126 1.       ]
[0.5134253 1.       ]
[0.16327737 1.        ]
[0.72600234 1.        ]
[-0.9  1. ]
[-0.70319414  1.        ]
[0.9 1. ]
[0.9 1. ]
[-0.9  1. ]
[-0.9  1. ]
[0.9 1. ]
[-0.9  1. ]
[0.4516641 1.       ]
[-0.9  1. ]
[0.0585364 1.       ]
[0.23650302 1.        ]
[0.24949834 1.        ]
[0.9 1. ]
[0.04025596 1.        ]
[-0.9  1. ]
[0.30200234 1.        ]
[-0.39619705  1.        ]
[0.9 1. ]
[-0.20696375  1.        ]
[-0.55119324  1.        ]
[-0.5696648  1.       ]
[-0.47133565  1.        ]
[-0.07962461  1.        ]
[0.9 1. ]
[-0.9  1. ]
[-0.9  1. ]
[0.82845324 1.        ]
[0.7260962 1.       ]
[0.19555955 1.        ]
[-0.5429729  1.       ]
[0.9 1. ]
[-0.10996187  1.        ]
[-0.9  1. ]
[-0.0186035  1.       ]
[0.13758557 1.        ]
[-0.10140623  1.        ]
[-0.11148375  1.        ]
[0.06310424 1.        ]
[-0.50468737  1.        ]
[-0.75102717  1.        ]
[-0.78265756  1.        ]
[-0.5648513  1.       ]
[-0.23048833  1.        ]
[-0.04254047  1.        ]
[0.01391662 1.        ]
[-0.87804234  1.        ]
[-0.9  1. ]
[0.6748832 1.       ]
[0.15061633 1.        ]
[0.27040926 1.        ]
[0.7889803 1.       ]
[-0.66966325  1.        ]
[0.1435293 1.       ]
[-0.9  1. ]
[0.9 1. ]
[-0.2761857  1.       ]
[0.44263804 1.        ]
[0.42520347 1.        ]
[0.9 1. ]
[-0.9  1. ]
[0.9 1. ]
[-0.18441242  1.        ]
[0.87916094 1.        ]
[-0.44870415  1.        ]
[-0.06526763  1.        ]
[-0.38080826  1.        ]
[0.9 1. ]
[-0.9  1. ]
[-0.9  1. ]
[-0.77621907  1.        ]
[0.89330524 1.        ]
[0.41882023 1.        ]
[0.02146052 1.        ]
[-0.5661138  1.       ]
[0.15036355 1.        ]
[-0.9  1. ]
[-0.47769496  1.        ]
[0.9 1. ]
[-0.9  1. ]
[0.58421755 1.        ]
[-0.9  1. ]
[-0.6836495  1.       ]
[0.75777954 1.        ]
[-0.62020004  1.        ]
[-0.9  1. ]
[0.12450026 1.        ]
[0.6422173 1.       ]
[-0.385349  1.      ]
[0.9 1. ]
[0.9 1. ]
[0.63271904 1.        ]
[0.9 1. ]
[0.9 1. ]
[0.17870618 1.        ]
[-0.5926334  1.       ]
[0.15798752 1.        ]
[0.20318827 1.        ]
[0.9 1. ]
[-0.60924155  1.        ]
[0.3568713 1.       ]
[0.53314495 1.        ]
[-0.14968127  1.        ]
[-0.9  1. ]
[0.9 1. ]
[0.9 1. ]
[0.34190604 1.        ]
[-0.9  1. ]
[-0.9  1. ]
[-0.33504522  1.        ]
[-0.48162168  1.        ]
[0.341354 1.      ]
[-0.27398944  1.        ]
[-0.09312376  1.        ]
[0.7238346 1.       ]
[0.9 1. ]
[-0.51576966  1.        ]
[0.9 1. ]
[-0.9  1. ]
[-0.5173306  1.       ]
[0.19011448 1.        ]
[-0.9  1. ]
[-0.9  1. ]
[-0.9  1. ]
[-0.44036126  1.        ]
[-0.16506559  1.        ]
[0.9 1. ]
[0.22704874 1.        ]
[-0.9  1. ]
[-0.53548515  1.        ]
[0.73001593 1.        ]
[0.9 1. ]
[-0.75959885  1.        ]
[0.69885623 1.        ]
[-0.6513953  1.       ]
[0.7181171 1.       ]
[0.9 1. ]
[0.3971837 1.       ]
[0.3086285 1.       ]
[-0.5573019  1.       ]
[0.22930337 1.        ]
[0.3098717 1.       ]
[-0.46439826  1.        ]
[0.9 1. ]
[0.454969 1.      ]
[0.9 1. ]
[0.9 1. ]
[-0.15483537  1.        ]
[-0.7493565  1.       ]
[0.4608523 1.       ]
[-0.9  1. ]
[-0.7017741  1.       ]
[-0.27377838  1.        ]
[-0.33160576  1.        ]
[0.06101004 1.        ]
[0.6157797 1.       ]
[-0.01814775  1.        ]
[0.9 1. ]
[0.49502575 1.        ]
[0.25669768 1.        ]
[-0.01002326  1.        ]
[0.20534123 1.        ]
[0.9 1. ]
[0.7487558 1.       ]
[-0.9  1. ]
[0.15582094 1.        ]
[0.9 1. ]
[0.52248484 1.        ]
[-0.9  1. ]
[0.0887145 1.       ]
[0.9 1. ]
[-0.36412922  1.        ]
[-0.9  1. ]
[0.73115027 1.        ]
[0.6479278 1.       ]
[-0.81174064  1.        ]
[0.9 1. ]
[0.9 1. ]
[-0.9  1. ]
[0.9 1. ]
[-0.9  1. ]
[-0.9  1. ]
[0.46233645 1.        ]
[0.1371891 1.       ]
[-0.9  1. ]
[-0.34335896  1.        ]
[-0.48684773  1.        ]
[-0.9  1. ]
[-0.9  1. ]
[-0.27762434  1.        ]
[0.23268503 1.        ]
[0.17970246 1.        ]
[-0.2299806  1.       ]
[-0.9  1. ]
[-0.9  1. ]
[0.515718 1.      ]
[-0.59947324  1.        ]
[-0.9  1. ]
[0.09175314 1.        ]
[0.76390815 1.        ]
[-0.46768382  1.        ]
[-0.24338059  1.        ]
[-0.06843469  1.        ]
[-0.00541011  1.        ]
[0.48667458 1.        ]
[-0.43198672  1.        ]
[-0.6570644  1.       ]
[0.8949666 1.       ]
[-0.49315205  1.        ]
[-0.9  1. ]
[0.9 1. ]
[0.86402506 1.        ]
[0.9 1. ]
[0.8969534 1.       ]
[0.9 1. ]
[-0.15360822  1.        ]
[0.5982362 1.       ]
[-0.8562259  1.       ]
[-0.9  1. ]
[-0.9  1. ]
[-0.9  1. ]
[-0.9  1. ]
[-0.5052405  1.       ]
[0.9 1. ]
[0.9 1. ]
[2.3353077e-04 1.0000000e+00]
[0.879329 1.      ]
[0.30003452 1.        ]
[0.1251249 1.       ]
[0.74885005 1.        ]
[-0.9  1. ]
[0.9 1. ]
[0.40525457 1.        ]
[-0.4386082  1.       ]
[-0.9  1. ]
[0.57863367 1.        ]
[-0.9  1. ]
[-0.10099738  1.        ]
[0.9 1. ]
[-0.9  1. ]
[0.9 1. ]
[-0.0168802  1.       ]
[-0.2542473  1.       ]
[-0.55120623  1.        ]
[0.53832006 1.        ]
[0.9 1. ]
[0.9 1. ]
[0.14449373 1.        ]
[-0.360722  1.      ]
[0.10390808 1.        ]
[0.23593584 1.        ]
[-0.4835509  1.       ]
[-0.51714575  1.        ]
[0.9 1. ]
[-0.8690049  1.       ]
[-0.21475887  1.        ]
[-0.9  1. ]
[-0.9  1. ]
[0.04013442 1.        ]
[-0.4766316  1.       ]
[0.5697209 1.       ]
[-0.9  1. ]
[0.65012014 1.        ]
[0.9 1. ]
[0.2500245 1.       ]
[-0.60820454  1.        ]
[0.5630952 1.       ]
[0.9 1. ]
[-0.36557752  1.        ]
[0.7871127 1.       ]
[-0.9  1. ]
[0.10418388 1.        ]
[-0.11068323  1.        ]
[0.9 1. ]
[-0.26989844  1.        ]
[0.00302822 1.        ]
[0.9 1. ]
[-0.36111572  1.        ]
[-0.9  1. ]
[-0.7113167  1.       ]
[-0.51522297  1.        ]
[0.9 1. ]
[0.14783192 1.        ]
[-0.03582618  1.        ]
[0.9 1. ]
[-0.9  1. ]
[-0.12882155  1.        ]
[0.81861234 1.        ]
[0.4673613 1.       ]
[0.49524522 1.        ]
[-0.9  1. ]
[0.9 1. ]
[-0.04502612  1.        ]
[0.22857955 1.        ]
[-0.9  1. ]
[-0.9  1. ]
[-0.9  1. ]
[-0.46718663  1.        ]
[-0.2076983  1.       ]
[-0.42742142  1.        ]
[0.59346616 1.        ]
[0.9 1. ]
[0.10695038 1.        ]
[-0.9  1. ]
[-0.404081  1.      ]
[0.9 1. ]
[-0.8837324  1.       ]
[-0.9  1. ]
[-0.8695412  1.       ]
[-0.5390209  1.       ]
[-0.82651085  1.        ]
[0.46685994 1.        ]
[0.9 1. ]
[-0.48638204  1.        ]
[0.9 1. ]
[-0.9  1. ]
[-0.42570332  1.        ]
[0.9 1. ]
[0.9 1. ]
[0.9 1. ]
[0.9 1. ]
[-0.14541909  1.        ]
[-0.6951037  1.       ]
[0.9 1. ]
[-0.2930554  1.       ]
[-0.9  1. ]
[-0.27337065  1.        ]
[-0.86349994  1.        ]
[0.36447552 1.        ]
[0.17193185 1.        ]
[0.9 1. ]
[0.9 1. ]
[0.8989009 1.       ]
[0.8917978 1.       ]
[0.9 1. ]
[-0.8287752  1.       ]
[-0.9  1. ]
[0.39446488 1.        ]
[0.9 1. ]
[-0.7944614  1.       ]
[-0.07538699  1.        ]
[0.9 1. ]
[-0.02560166  1.        ]
[0.9 1. ]
[-0.9  1. ]
[0.33283445 1.        ]
[0.3431813 1.       ]
[-0.25697628  1.        ]
[-0.15539406  1.        ]
[0.9 1. ]
[-0.38761944  1.        ]
[-0.9  1. ]
[-0.645459  1.      ]
[0.9 1. ]
[0.19197904 1.        ]
[0.49183717 1.        ]
[0.15226021 1.        ]
[0.9 1. ]
[0.49752253 1.        ]
[-0.4128407  1.       ]
[-0.05382877  1.        ]
[0.19972602 1.        ]
[-0.9  1. ]
[-0.3484246  1.       ]
[-0.09806978  1.        ]
[-0.49702325  1.        ]
[0.5680366 1.       ]
[0.9 1. ]
[0.20226432 1.        ]
[0.9 1. ]
[0.8337514 1.       ]
[0.9 1. ]
[0.50885 1.     ]
[0.9 1. ]
[0.09750181 1.        ]
[-0.9  1. ]
[0.2141165 1.       ]
[-0.9  1. ]
[-0.9  1. ]
[0.03954647 1.        ]
[0.9 1. ]
[-0.9  1. ]
[0.02324091 1.        ]
[0.57513446 1.        ]
[-0.711475  1.      ]
[0.22102557 1.        ]
[0.9 1. ]
[-0.37791553  1.        ]
[0.45991257 1.        ]
[-0.44197038  1.        ]
[0.9 1. ]
[-0.17499687  1.        ]
[0.78430986 1.        ]
[0.9 1. ]
[0.9 1. ]
[-0.9  1. ]
[-0.9  1. ]
[0.9 1. ]
[-0.21104206  1.        ]
[0.3319883 1.       ]
[0.02842677 1.        ]
[-0.9  1. ]
[0.9 1. ]
[0.58227724 1.        ]
[-0.26835373  1.        ]
[0.06391794 1.        ]
[-0.9  1. ]
[-0.31679088  1.        ]
[0.7930085 1.       ]
[-0.9  1. ]
[-0.8021368  1.       ]
[0.9 1. ]
[-0.8079208  1.       ]
[-0.3593006  1.       ]
[-0.7314084  1.       ]
[0.45405763 1.        ]
[-0.13621432  1.        ]
[0.46807024 1.        ]
[-0.9  1. ]
[-0.3074476  1.       ]
[-0.0253814  1.       ]
[0.5553628 1.       ]
[0.44777 1.     ]
[-0.41369516  1.        ]
[0.15460643 1.        ]
[0.16390209 1.        ]
[0.9 1. ]
[0.31813964 1.        ]
[0.39378837 1.        ]
[0.21104239 1.        ]
[-0.26657784  1.        ]
[0.73579496 1.        ]
[-0.6183994  1.       ]
[-0.33504608  1.        ]
[0.9 1. ]
[0.15387113 1.        ]
[-0.9  1. ]
[0.22161525 1.        ]
[-0.9  1. ]
[0.12660588 1.        ]
[0.3205034 1.       ]
[-0.5882798  1.       ]
[-0.7191196  1.       ]
[-0.21641558  1.        ]
[-0.9  1. ]
[0.9 1. ]
[0.9 1. ]
[0.24696204 1.        ]
[0.26306623 1.        ]
[0.04245328 1.        ]
[0.7863133 1.       ]
[-0.30439126  1.        ]
[0.1117008 1.       ]
[0.46548736 1.        ]
[-0.9  1. ]
[0.04020431 1.        ]
[0.877506 1.      ]
[0.62285775 1.        ]
[-0.59791493  1.        ]
[0.46747926 1.        ]
[0.6771371 1.       ]
[-0.9  1. ]
[0.9 1. ]
[-0.9  1. ]
[0.9 1. ]
[0.7513108 1.       ]
[-0.9  1. ]
[0.6832505 1.       ]
[0.9 1. ]
[0.65576184 1.        ]
[0.32448652 1.        ]
[0.12929215 1.        ]
[-0.9  1. ]
[0.5357257 1.       ]
[0.9 1. ]
[-0.7870272  1.       ]
[-0.9  1. ]
[-0.6799483  1.       ]
[-0.9  1. ]
[-0.5546383  1.       ]
[0.9 1. ]
[0.9 1. ]
[0.0193441 1.       ]
[-0.10788115  1.        ]
[-0.9  1. ]
[0.1611908 1.       ]
[0.55497694 1.        ]
[0.9 1. ]
[-0.09763905  1.        ]
[0.7551229 1.       ]
[0.17840905 1.        ]
[0.9 1. ]
[-0.9  1. ]
[0.04371276 1.        ]
[-0.2807197  1.       ]
[-0.53203785  1.        ]
[-0.1689374  1.       ]
[0.34286895 1.        ]
[0.38652763 1.        ]
[0.6800357 1.       ]
[0.8754913 1.       ]
[-0.6292164  1.       ]
[-0.21933998  1.        ]
[0.3475552 1.       ]
[-0.20087835  1.        ]
[-0.9  1. ]
[-0.9  1. ]
[-0.19729495  1.        ]
[0.7333386 1.       ]
[-0.8632117  1.       ]
[0.9 1. ]
[0.9 1. ]
[-0.9  1. ]
[-0.01032046  1.        ]
[-0.18884216  1.        ]
[-0.9  1. ]
[0.7006095 1.       ]
[0.5054518 1.       ]
[-0.4667951  1.       ]
[0.9 1. ]
[0.71345514 1.        ]
[0.9 1. ]
[0.6747393 1.       ]
[-0.7348112  1.       ]
[-0.9  1. ]
[-0.6409673  1.       ]
[0.45998484 1.        ]
[0.9 1. ]
[-0.51360035  1.        ]
[-0.38014904  1.        ]
[0.3942496 1.       ]
[0.9 1. ]
[0.9 1. ]
[-0.33945027  1.        ]
[-0.86638725  1.        ]
[-0.7343525  1.       ]
[-0.18290555  1.        ]
[-0.9  1. ]
[-0.9  1. ]
[-0.20173973  1.        ]
[0.30544776 1.        ]
[0.9 1. ]
[-0.9  1. ]
[-0.9  1. ]
[-0.9  1. ]
[-0.9  1. ]
[0.04142936 1.        ]
[0.9 1. ]
[-0.9  1. ]
[0.9 1. ]
[0.7357806 1.       ]
[0.6288732 1.       ]
[-0.9  1. ]
[-0.9  1. ]
[0.46672857 1.        ]
[0.5835082 1.       ]
[-0.9  1. ]
[0.9 1. ]
[-0.5352004  1.       ]
[-0.10071246  1.        ]
[-0.14500268  1.        ]
[0.9 1. ]
[0.9 1. ]
[-0.20768714  1.        ]
[-0.9  1. ]
[0.9 1. ]
[0.67471486 1.        ]
[-0.46730766  1.        ]
[-0.4212286  1.       ]
[-0.9  1. ]
[-0.9  1. ]
[0.34529215 1.        ]
[0.29103586 1.        ]
[-0.48989084  1.        ]
[-0.4144581  1.       ]
[-0.17262459  1.        ]
[0.10019355 1.        ]
[-0.9  1. ]
[0.87521106 1.        ]
[-0.9  1. ]
[-0.7685937  1.       ]
[-0.05321702  1.        ]
[0.5631308 1.       ]
[-0.8075965  1.       ]
[-0.9  1. ]
[0.19656575 1.        ]
[-0.2281649  1.       ]
[0.4677077 1.       ]
[-0.21608707  1.        ]
[0.9 1. ]
[-0.6473779  1.       ]
[-0.06817406  1.        ]
[-0.9  1. ]
[-0.06548553  1.        ]
[-0.9  1. ]
[0.8972527 1.       ]
[0.1229806 1.       ]
[0.19014767 1.        ]
[-0.6108729  1.       ]
[0.05212266 1.        ]
[-0.43518865  1.        ]
[0.9 1. ]
[0.9 1. ]
[-0.07482896  1.        ]
[0.03813177 1.        ]
[0.9 1. ]
[-0.9  1. ]
[-0.6819773  1.       ]
[0.00380913 1.        ]
[0.23218207 1.        ]
[-0.12754682  1.        ]
[0.11182103 1.        ]
[-0.34297344  1.        ]
[0.3785927 1.       ]
[-0.9  1. ]
[-0.21164753  1.        ]
[-0.43163905  1.        ]
[0.9 1. ]
[0.39730194 1.        ]
[0.14088437 1.        ]
[0.9 1. ]
[-0.9  1. ]
[-0.85041195  1.        ]
[0.42037293 1.        ]
[-0.82642025  1.        ]
[-0.22913796  1.        ]
[-0.80530024  1.        ]
[0.32774678 1.        ]
[-0.9  1. ]
[-0.6230971  1.       ]
[-0.9  1. ]
[0.9 1. ]
[-0.9  1. ]
[-0.86173123  1.        ]
[-0.3109295  1.       ]
[-0.9  1. ]
[0.24108241 1.        ]
[-0.743841  1.      ]
[-0.9  1. ]
[-0.9  1. ]
[0.9 1. ]
[-0.7424258  1.       ]
[0.6342147 1.       ]
[0.24565795 1.        ]
[0.310494 1.      ]
[-0.30800894  1.        ]
[0.9 1. ]
[0.8270422 1.       ]
[-0.24043435  1.        ]
[0.6832138 1.       ]
[0.31358975 1.        ]
[-0.9  1. ]
[0.14095637 1.        ]
[0.9 1. ]
[-0.01552793  1.        ]
[0.84208924 1.        ]
[-0.7009194  1.       ]
[-0.05423769  1.        ]
[-0.9  1. ]
[-0.59471405  1.        ]
[0.9 1. ]
[0.4087041 1.       ]
[0.7880555 1.       ]
[-0.9  1. ]
[0.4456639 1.       ]
[-0.8443453  1.       ]
[-0.06530473  1.        ]
[-0.70765114  1.        ]
[0.43439737 1.        ]
[0.9 1. ]
[0.9 1. ]
[-0.9  1. ]
[-0.6119185  1.       ]
[-0.32591423  1.        ]
[-0.8088203  1.       ]
[0.07039855 1.        ]
[0.5067216 1.       ]
[0.9 1. ]
[-0.15302336  1.        ]
[0.9 1. ]
[0.9 1. ]
[-0.80767316  1.        ]
[0.9 1. ]
[0.9 1. ]
[0.17721099 1.        ]
[-0.05683915  1.        ]
[0.9 1. ]
[-0.9  1. ]
[0.78075653 1.        ]
[0.9 1. ]
[0.01748244 1.        ]
[-0.9  1. ]
[-0.47573015  1.        ]
[-0.47923222  1.        ]
[0.9 1. ]
[-0.2328618  1.       ]
[0.6093861 1.       ]
[0.9 1. ]
[0.9 1. ]
[-0.07215779  1.        ]
[0.5833386 1.       ]
[-0.89722615  1.        ]
[0.06635688 1.        ]
[0.1837153 1.       ]
[0.9 1. ]
[-0.39545822  1.        ]
[-0.59779656  1.        ]
[0.9 1. ]
[-0.30818477  1.        ]
[0.4998433 1.       ]
[0.85881203 1.        ]
[-0.9  1. ]
[0.77009845 1.        ]
[0.32503635 1.        ]
[0.2783559 1.       ]
[-0.9  1. ]
[-0.9  1. ]
[0.06538718 1.        ]
[-0.1462014  1.       ]
[0.28029066 1.        ]
[0.21238442 1.        ]
[0.9 1. ]
[0.77848047 1.        ]
[0.20405419 1.        ]
[-0.9  1. ]
[0.3553332 1.       ]
[0.50367796 1.        ]
[0.3564744 1.       ]
[0.20425548 1.        ]
[0.9 1. ]
[0.6054514 1.       ]
[-0.9  1. ]
[-0.9  1. ]
[0.7282095 1.       ]
[0.9 1. ]
[0.9 1. ]
[0.9 1. ]
[-0.6309238  1.       ]
[0.9 1. ]
[-0.9  1. ]
[0.7893424 1.       ]
[-0.54425734  1.        ]
[0.9 1. ]
[0.04498751 1.        ]
[0.42257679 1.        ]
[0.9 1. ]
[0.64270765 1.        ]
[0.38212535 1.        ]
[-0.39150584  1.        ]
[0.9 1. ]
[-0.9  1. ]
[0.15750375 1.        ]
[-0.9  1. ]
[-0.31645223  1.        ]
[0.5448759 1.       ]
[0.9 1. ]
[-0.48230863  1.        ]
[-0.9  1. ]
[-0.9  1. ]
[-0.07130665  1.        ]
[-0.9  1. ]
[0.74137616 1.        ]
[-0.5055698  1.       ]
[0.9 1. ]
[0.32123342 1.        ]
[0.43249363 1.        ]
[-0.9  1. ]
[-0.9  1. ]
[-0.9  1. ]
[0.50227076 1.        ]
[0.9 1. ]
[-0.2384525  1.       ]
[0.9 1. ]
[0.9 1. ]
[0.9 1. ]
[0.5320023 1.       ]
[-0.49054214  1.        ]
[-0.47566634  1.        ]
[-0.54670566  1.        ]
[0.60150176 1.        ]
[0.81937116 1.        ]
[0.9 1. ]
[-0.9  1. ]
[0.123023 1.      ]
[0.9 1. ]
[-0.9  1. ]
[-0.25866598  1.        ]
[0.9 1. ]
[-0.9  1. ]
[-0.9  1. ]
[0.61961114 1.        ]
[0.21984111 1.        ]
[-0.6362202  1.       ]
[0.9 1. ]
[0.9 1. ]
[0.84596866 1.        ]
[-0.35532242  1.        ]
[0.37145454 1.        ]
[0.9 1. ]
[-0.9  1. ]
[-0.4343021  1.       ]
[-0.9  1. ]
[-0.5480625  1.       ]
[-0.9  1. ]
[-0.9  1. ]
[0.5044524 1.       ]
[0.9 1. ]
[0.26957065 1.        ]
[0.2840597 1.       ]
[0.9 1. ]
[-0.7937518  1.       ]
[0.00736442 1.        ]
[0.9 1. ]
[-0.9  1. ]
[0.14693564 1.        ]
[-0.54150015  1.        ]
[0.4730395 1.       ]
[-0.45897576  1.        ]
[0.01527228 1.        ]
[0.41243818 1.        ]
[0.43364826 1.        ]
[0.9 1. ]
[0.28763145 1.        ]
[0.09589005 1.        ]
[0.9 1. ]
[0.9 1. ]
[-0.8521249  1.       ]
[-0.9  1. ]
[0.9 1. ]
[0.7368232 1.       ]
[0.45009887 1.        ]
[-0.9  1. ]
[-0.16289718  1.        ]
[0.9 1. ]
[0.5672911 1.       ]
[0.66130227 1.        ]
[-0.14654694  1.        ]
[0.9 1. ]
[0.34450662 1.        ]
[0.00632498 1.        ]
[0.9 1. ]
[0.6658834 1.       ]
[0.9 1. ]
[0.18236104 1.        ]
[0.37460235 1.        ]
[0.34426677 1.        ]
[0.61100984 1.        ]
[-0.9  1. ]
[0.80711323 1.        ]
[-0.11086643  1.        ]
[-0.85072064  1.        ]
[-0.11676994  1.        ]
[-0.077659  1.      ]
[0.11446893 1.        ]
[-0.325635  1.      ]
[-0.8496379  1.       ]
[-0.32979915  1.        ]
[0.8191531 1.       ]
[-0.86612445  1.        ]
[-0.6250116  1.       ]
[0.2954877 1.       ]
[0.06433584 1.        ]
[-0.9  1. ]
[0.650605 1.      ]
[-0.66586447  1.        ]
[-0.617469  1.      ]
[-0.9  1. ]
[0.9 1. ]
[-0.9  1. ]
[0.68656194 1.        ]
[0.22198266 1.        ]
[-0.9  1. ]
[0.9 1. ]
[-0.8787813  1.       ]
[0.9 1. ]
[0.4242247 1.       ]
[0.698763 1.      ]
[0.25792667 1.        ]
[-0.9  1. ]
[0.10833751 1.        ]
[0.29873303 1.        ]
[0.47818315 1.        ]
[0.9 1. ]
[-0.40482014  1.        ]
[0.9 1. ]
[-0.28658634  1.        ]
[-0.9  1. ]
[0.17348504 1.        ]
[-0.15115666  1.        ]
[0.9 1. ]
[0.5564612 1.       ]
[-0.9  1. ]
[0.9 1. ]
[-0.5490163  1.       ]
[0.9 1. ]
[-0.69809777  1.        ]
[0.9 1. ]
[-0.81691813  1.        ]
[0.8962141 1.       ]
[-0.9  1. ]
[0.9 1. ]
[-0.32856303  1.        ]
[-0.9  1. ]
[-0.19846487  1.        ]
[-0.04060447  1.        ]
[0.9 1. ]
[-0.9  1. ]
[-0.9  1. ]
[0.9 1. ]
[-0.9  1. ]
[-0.09052964  1.        ]
[0.83688635 1.        ]
[0.9 1. ]
[0.3930261 1.       ]
[-0.9  1. ]
[0.11618609 1.        ]
[-0.34603098  1.        ]
[-0.23667789  1.        ]
[-0.46515393  1.        ]
[0.13612348 1.        ]
[-0.797954  1.      ]
[-0.21995728  1.        ]
[-0.5145893  1.       ]
[-0.9  1. ]
[-0.9  1. ]
[-0.9  1. ]
[0.5666047 1.       ]
[0.9 1. ]
[0.9 1. ]
[0.7410319 1.       ]
[-0.8522893  1.       ]
[-0.9  1. ]
[-0.9  1. ]
[-0.8786994  1.       ]
[-0.14689188  1.        ]
[-0.00891643  1.        ]
[0.60490483 1.        ]
[-0.07517656  1.        ]
[0.75693864 1.        ]
[0.02529206 1.        ]
[0.32591864 1.        ]
[-0.8033239  1.       ]
[-0.06589532  1.        ]
[-0.9  1. ]
[0.9 1. ]
[0.4052477 1.       ]
[-0.01241965  1.        ]
[0.9 1. ]
[0.47198027 1.        ]
[0.45979542 1.        ]
[-0.21015012  1.        ]
[-0.14659464  1.        ]
[-0.6340254  1.       ]
[0.9 1. ]
[-0.8290829  1.       ]
[0.16015634 1.        ]
[0.5080663 1.       ]
[-0.75450516  1.        ]
[-0.82967967  1.        ]
[0.4279021 1.       ]
[-0.18569216  1.        ]
[-0.29016733  1.        ]
[0.4389819 1.       ]
[0.0038215 1.       ]
[0.9 1. ]
[-0.1674288  1.       ]
[-0.6409697  1.       ]
[0.9 1. ]
[0.3097199 1.       ]
[0.34719622 1.        ]
[0.83721054 1.        ]
[-0.27969125  1.        ]
[-0.62021863  1.        ]
[0.9 1. ]
[-0.9  1. ]
[0.9 1. ]
[0.9 1. ]
[-0.24381775  1.        ]
[-0.62317854  1.        ]
[0.0566235 1.       ]
[0.48159274 1.        ]
[0.3124692 1.       ]
[0.9 1. ]
[0.9 1. ]
[-0.9  1. ]
[-0.9  1. ]
[0.9 1. ]
[-0.9  1. ]
[0.5855334 1.       ]
[0.37490955 1.        ]
[-0.9  1. ]
[0.9 1. ]
[-0.9  1. ]
[-0.12110295  1.        ]
[-0.30566165  1.        ]
[-0.8612259  1.       ]
[-0.44889194  1.        ]
[0.9 1. ]
[0.05011169 1.        ]
[0.0066847 1.       ]
[-0.46709225  1.        ]
[0.34247306 1.        ]
[0.0541443 1.       ]
[0.9 1. ]
[0.59366477 1.        ]
[-0.9  1. ]
[0.8814371 1.       ]
[0.2967181 1.       ]
[-0.41071662  1.        ]
[-0.9  1. ]
[0.27614698 1.        ]
[-0.9  1. ]
[0.03881313 1.        ]
[-0.13149995  1.        ]
[-0.19159715  1.        ]
[0.10472152 1.        ]
[-0.8811047  1.       ]
[-0.35007295  1.        ]
[-0.1866776  1.       ]
[-0.41448432  1.        ]
[0.08910169 1.        ]
[-0.63698554  1.        ]
[0.9 1. ]
[-0.8378127  1.       ]
[0.50630087 1.        ]
[0.9 1. ]
[-0.23082039  1.        ]
[-0.9  1. ]
[-0.9  1. ]
[-0.83266366  1.        ]
[0.70895314 1.        ]
[-0.9  1. ]
[0.7143502 1.       ]
[-0.14269811  1.        ]
[0.9 1. ]
[-0.5467209  1.       ]
[0.42485937 1.        ]
[-0.6023717  1.       ]
[-0.23171592  1.        ]
[0.9 1. ]
[0.3497159 1.       ]
[0.2609518 1.       ]
[-0.2857557  1.       ]
[0.10840217 1.        ]
[-0.9  1. ]
[-0.9  1. ]
[0.9 1. ]
[0.9 1. ]
[-0.38308835  1.        ]
[0.3176521 1.       ]
[0.09454026 1.        ]
[-0.9  1. ]
[0.9 1. ]
[-0.5622237  1.       ]
[0.34785604 1.        ]
[0.9 1. ]
[0.9 1. ]
[0.9 1. ]
[0.04821687 1.        ]
[0.71916497 1.        ]
[0.19955465 1.        ]
[-0.9  1. ]
[-0.5219966  1.       ]
[0.9 1. ]
[-0.9  1. ]
[0.9 1. ]
[-0.9  1. ]
[-0.42263806  1.        ]
[0.9 1. ]
[0.9 1. ]
[-0.57954854  1.        ]
[-0.6744827  1.       ]
[0.31960142 1.        ]
[-0.20010266  1.        ]
[-0.7898719  1.       ]
[-0.9  1. ]
[-0.23901828  1.        ]
[0.9 1. ]
[0.53225046 1.        ]
[0.9 1. ]
[-0.7219073  1.       ]
[-0.9  1. ]
[0.59973145 1.        ]
[-0.81286967  1.        ]
[-0.7678448  1.       ]
[-0.9  1. ]
[-0.24831773  1.        ]
[0.05344784 1.        ]
[-0.04482368  1.        ]
[0.11744078 1.        ]
[0.17161828 1.        ]
[-0.01085785  1.        ]
[-0.47256222  1.        ]
[-0.17517407  1.        ]
[-0.9  1. ]
[0.9 1. ]
[-0.40212753  1.        ]
[0.9 1. ]
[0.9 1. ]
[-0.5500754  1.       ]
[-0.9  1. ]
[-0.9  1. ]
[0.9 1. ]
[0.3147227 1.       ]
[0.68863416 1.        ]
[-0.9  1. ]
[0.73222035 1.        ]
[-0.46941304  1.        ]
[0.5911671 1.       ]
[0.86803895 1.        ]
[-0.4087171  1.       ]
[-0.45234942  1.        ]
[-0.9  1. ]
[-0.06545878  1.        ]
[-0.5822373  1.       ]
[-0.9  1. ]
[-0.21495983  1.        ]
[-0.9  1. ]
[-0.9  1. ]
[-0.45193923  1.        ]
[-0.22901861  1.        ]
[0.593369 1.      ]
[-0.9  1. ]
[-0.9  1. ]
[0.6070258 1.       ]
[0.5494127 1.       ]
[-0.9  1. ]
[0.9 1. ]
[-0.73647696  1.        ]
[0.5366516 1.       ]
[-0.73412836  1.        ]
[-0.5299333  1.       ]
[0.16641997 1.        ]
[-0.22112706  1.        ]
[0.10560186 1.        ]
[0.9 1. ]
[0.9 1. ]
[-0.51520145  1.        ]
[-0.9  1. ]
[0.9 1. ]
[-0.9  1. ]
[0.9 1. ]
[0.5196143 1.       ]
[-0.03841  1.     ]
[-0.9  1. ]
[0.23721924 1.        ]
[0.00875336 1.        ]
[0.9 1. ]
[0.9 1. ]
[0.45313305 1.        ]
[-0.9  1. ]
[0.10837292 1.        ]
[-0.9  1. ]
[-0.45665166  1.        ]
[-0.9  1. ]
[-0.34810898  1.        ]
[-0.6288662  1.       ]
[-0.55042785  1.        ]
[-0.8341428  1.       ]
[0.35414973 1.        ]
[-0.41464552  1.        ]
[-0.9  1. ]
[0.8262603 1.       ]
[0.20255913 1.        ]
[0.7746261 1.       ]
[-0.9  1. ]
[0.46719074 1.        ]
[-0.10796151  1.        ]
[0.4588865 1.       ]
[-0.9  1. ]
[0.50558054 1.        ]
[-0.9  1. ]
[0.15565348 1.        ]
[-0.81022024  1.        ]
[0.1626019 1.       ]
[-0.00428602  1.        ]
[-0.891367  1.      ]
[-0.8249423  1.       ]
[0.9 1. ]
[-0.9  1. ]
[0.4425539 1.       ]
[0.16135818 1.        ]
[-0.26477495  1.        ]
[-0.9  1. ]
[0.6004565 1.       ]
[0.7951725 1.       ]
[-0.9  1. ]
[0.03081691 1.        ]
[-0.35778555  1.        ]
[-0.850617  1.      ]
[-0.9  1. ]
[-0.28320917  1.        ]
[0.9 1. ]
[0.9 1. ]
[-0.9  1. ]
[-0.83218586  1.        ]
[-0.9  1. ]
[0.9 1. ]
[0.09273999 1.        ]
[0.9 1. ]
[0.02834183 1.        ]
[0.38067964 1.        ]
[0.19992147 1.        ]
[0.80516875 1.        ]
[0.9 1. ]
[0.9 1. ]
[-0.13488932  1.        ]
[-0.38272056  1.        ]
[0.70115095 1.        ]
[-0.65555114  1.        ]
[0.13727494 1.        ]
[-0.9  1. ]
[-0.9  1. ]
[0.06296696 1.        ]
[0.33375394 1.        ]
[0.9 1. ]
[-0.9  1. ]
[0.9 1. ]
[0.724643 1.      ]
[-0.9  1. ]
[-0.6176339  1.       ]
[0.22407761 1.        ]
[0.9 1. ]
[0.9 1. ]
[0.17856663 1.        ]
[0.560619 1.      ]
[0.9 1. ]
[0.70873386 1.        ]
[-0.18219456  1.        ]
[0.823116 1.      ]
[-0.9  1. ]
[-0.9  1. ]
[-0.06763041  1.        ]
[0.88154733 1.        ]
[-0.9  1. ]
[0.86420316 1.        ]
[-0.03097001  1.        ]
[-0.9  1. ]
[0.9 1. ]
[-0.70037264  1.        ]
[0.8084367 1.       ]
[-0.9  1. ]
[-0.9  1. ]
[-0.06076707  1.        ]
[0.09723916 1.        ]
[0.02589186 1.        ]
[0.32676157 1.        ]
[0.70208764 1.        ]
[-0.21243209  1.        ]
[-0.9  1. ]
[-0.3663584  1.       ]
[-0.85539424  1.        ]
[0.8890988 1.       ]
[-0.750775  1.      ]
[0.06622732 1.        ]
[-0.04688494  1.        ]
[0.38587365 1.        ]
[0.9 1. ]
[0.24091132 1.        ]
[0.12035453 1.        ]
[-0.9  1. ]
[-0.18217596  1.        ]
[-0.13155086  1.        ]
[0.9 1. ]
[-0.402197  1.      ]
[0.05302191 1.        ]
[-0.23373306  1.        ]
[-0.9  1. ]
[-0.08811329  1.        ]
[0.13014005 1.        ]
[0.41133955 1.        ]
[0.7128034 1.       ]
[-0.41002318  1.        ]
[-0.9  1. ]
[0.9 1. ]
[-0.1813417  1.       ]
[-0.9  1. ]
[0.37179735 1.        ]
[-0.9  1. ]
[-0.47782487  1.        ]
[0.4701965 1.       ]
[-0.9  1. ]
[-0.13187972  1.        ]
[0.07365226 1.        ]
[-0.9  1. ]
[0.6112934 1.       ]
[-0.6438084  1.       ]
[0.9 1. ]
[-0.9  1. ]
[-0.9  1. ]
[-0.38938802  1.        ]
[0.9 1. ]
[-0.22698183  1.        ]
[0.6016659 1.       ]
[-0.9  1. ]
[-0.04457456  1.        ]
[-0.9  1. ]
[0.9 1. ]
[-0.24380226  1.        ]
[0.24266353 1.        ]
[-0.17948431  1.        ]
[-0.43641642  1.        ]
[-0.9  1. ]
[0.9 1. ]
[0.56374246 1.        ]
[0.9 1. ]
[-0.34763414  1.        ]
[-0.9  1. ]
[0.09754615 1.        ]
[0.9 1. ]
[-0.48857868  1.        ]
[-0.24523224  1.        ]
[-0.9  1. ]
[0.43909925 1.        ]
[0.41151723 1.        ]
[-0.28555542  1.        ]
[0.37602395 1.        ]
[-0.89454913  1.        ]
[0.9 1. ]
[0.9 1. ]
[-0.9  1. ]
[0.54334253 1.        ]
[0.36343586 1.        ]
[-0.9  1. ]
[0.37481648 1.        ]
[-0.08599901  1.        ]
[0.02879728 1.        ]
[-0.0074539  1.       ]
[0.9 1. ]
[0.5751983 1.       ]
[0.9 1. ]
[0.66329056 1.        ]
[-0.9  1. ]
[-0.9  1. ]
[-0.9  1. ]
[-0.9  1. ]
[0.7836119 1.       ]
[-0.28316033  1.        ]
[-0.04571475  1.        ]
[-0.89885044  1.        ]
[-0.73496157  1.        ]
[0.5448694 1.       ]
[0.9 1. ]
[-0.9  1. ]
[0.31628484 1.        ]
[-0.9  1. ]
[-0.11457549  1.        ]
[-0.9  1. ]
[-0.05014545  1.        ]
[0.15385629 1.        ]
[0.05494594 1.        ]
[-0.3513351  1.       ]
[0.8584679 1.       ]
[-0.19077088  1.        ]
[-0.27041584  1.        ]
[0.16286956 1.        ]
[0.9 1. ]
[-0.41147846  1.        ]
[0.9 1. ]
[0.9 1. ]
[-0.9  1. ]
[0.58006793 1.        ]
[-0.9  1. ]
[0.6743148 1.       ]
[-0.07787581  1.        ]
[-0.03726015  1.        ]
[0.9 1. ]
[0.9 1. ]
[0.9 1. ]
[-0.0451607  1.       ]
[0.5877248 1.       ]
[-0.9  1. ]
[-0.15437151  1.        ]
[-0.5224476  1.       ]
[-0.9  1. ]
[-0.32170638  1.        ]
[-0.07855042  1.        ]
[-0.9  1. ]
[0.00126343 1.        ]
[-0.9  1. ]
[-0.9  1. ]
[-0.9  1. ]
[0.22224736 1.        ]
[0.676143 1.      ]
[0.9 1. ]
[-0.9  1. ]
[0.9 1. ]
[0.9 1. ]
[-0.7615452  1.       ]
[0.24142615 1.        ]
[0.7992161 1.       ]
[0.21390267 1.        ]
[0.47650638 1.        ]
[0.9 1. ]
[-0.9  1. ]
[0.9 1. ]
[-0.9  1. ]
[-0.9  1. ]
[-0.9  1. ]
[-0.09821989  1.        ]
[0.13855778 1.        ]
[-0.9  1. ]
[-0.8415164  1.       ]
[-0.9  1. ]
[0.6893069 1.       ]
[0.8626658 1.       ]
[0.61771023 1.        ]
[-0.9  1. ]
[0.4501153 1.       ]
[0.9 1. ]
[0.397944 1.      ]
[-0.9  1. ]
[-0.48256746  1.        ]
[0.29072085 1.        ]
[0.6956793 1.       ]
[-0.9  1. ]
[0.64291424 1.        ]
[-0.6572649  1.       ]
[0.7363158 1.       ]
[-0.88612956  1.        ]
[-0.60792124  1.        ]
[0.9 1. ]
[-0.9  1. ]
[-0.9  1. ]
[-0.9  1. ]
[0.52696455 1.        ]
[0.88791746 1.        ]
[-0.51421386  1.        ]
[0.7198016 1.       ]
[-0.9  1. ]
[0.7184705 1.       ]
[-0.27787316  1.        ]
[0.32209378 1.        ]
[0.9 1. ]
[0.5008819 1.       ]
[0.9 1. ]
[-0.30209973  1.        ]
[-0.29661214  1.        ]
[0.9 1. ]
[-0.9  1. ]
[-0.45210525  1.        ]
[0.3596342 1.       ]
[0.5572878 1.       ]
[0.29209685 1.        ]
[0.9 1. ]
[0.6946897 1.       ]
[0.57838243 1.        ]
[-0.15408607  1.        ]
[0.5397901 1.       ]
[0.03874922 1.        ]
[-0.8386297  1.       ]
[0.9 1. ]
[-0.51853484  1.        ]
[0.9 1. ]
[0.8902495 1.       ]
[-0.0132393  1.       ]
[0.23903014 1.        ]
[-0.03150416  1.        ]
[0.9 1. ]
[-0.9  1. ]
[0.22651714 1.        ]
[0.4188535 1.       ]
[0.29765934 1.        ]
[0.9 1. ]
[-0.5121584  1.       ]
[0.9 1. ]
[-0.39015073  1.        ]
[0.05720915 1.        ]
[-0.76818955  1.        ]
[-0.09348005  1.        ]
[-0.58456725  1.        ]
[-0.9  1. ]
[-0.8221552  1.       ]
[0.9 1. ]
[0.9 1. ]
[-0.15623784  1.        ]
[0.9 1. ]
[0.257501 1.      ]
[0.45180514 1.        ]
[-0.9  1. ]
[-0.42636803  1.        ]
[0.9 1. ]
[0.9 1. ]
[0.8730578 1.       ]
[-0.9  1. ]
[-0.535062  1.      ]
[0.15684022 1.        ]
[0.36332178 1.        ]
[0.70139426 1.        ]
[0.9 1. ]
[0.15146782 1.        ]
[-0.06813307  1.        ]
[0.47035217 1.        ]
[-0.9  1. ]
[0.50487095 1.        ]
[-0.7727923  1.       ]
[-0.87255293  1.        ]
[-0.57894367  1.        ]
[0.9 1. ]
[0.9 1. ]
[-0.63359463  1.        ]
[0.61938995 1.        ]
[0.9 1. ]
[0.6113727 1.       ]
[0.46132252 1.        ]
[0.9 1. ]
[0.9 1. ]
[-0.9  1. ]
[0.18217644 1.        ]
[0.9 1. ]
[-0.13652238  1.        ]
[-0.9  1. ]
[0.6723161 1.       ]
[-0.9  1. ]
[-0.20306079  1.        ]
[-0.30811948  1.        ]
[-0.9  1. ]
[-0.9  1. ]
[-0.9  1. ]
[0.9 1. ]
[-0.2946884  1.       ]
[-0.7918426  1.       ]
[0.73531663 1.        ]
[0.9 1. ]
[0.9 1. ]
[0.9 1. ]
[0.9 1. ]
[-0.6447018  1.       ]
[0.9 1. ]
[-0.23451559  1.        ]
[-0.12787135  1.        ]
[0.22200882 1.        ]
[0.5540285 1.       ]
[-0.6606802  1.       ]
[0.9 1. ]
[-0.9  1. ]
[0.13184413 1.        ]
[0.10878117 1.        ]
[-0.37294167  1.        ]
[0.7503311 1.       ]
[-0.9  1. ]
[-0.40562478  1.        ]
[0.5212107 1.       ]
[0.8528634 1.       ]
[-0.5529753  1.       ]
[0.568059 1.      ]
[0.9 1. ]
[-0.10813206  1.        ]
[-0.27429336  1.        ]
[0.9 1. ]
[0.27659956 1.        ]
[-0.9  1. ]
[0.79665637 1.        ]
[0.28656894 1.        ]
[0.16158426 1.        ]
[0.9 1. ]
[-0.9  1. ]
[-0.37005922  1.        ]
[-0.34434244  1.        ]
[0.9 1. ]
[0.16743147 1.        ]
[-0.9  1. ]
[-0.15359107  1.        ]
[0.57131505 1.        ]
[-0.79772156  1.        ]
[0.23821913 1.        ]
[-0.9  1. ]
[0.5876694 1.       ]
[-0.9  1. ]
[0.5964792 1.       ]
[-0.9  1. ]
[-0.84386647  1.        ]
[0.5959833 1.       ]
[-0.9  1. ]
[-0.3997086  1.       ]
[0.9 1. ]
[0.9 1. ]
[0.640522 1.      ]
[-0.38758376  1.        ]
[0.45676392 1.        ]
[0.1406333 1.       ]
[0.34158152 1.        ]
[0.8441251 1.       ]
[0.6460934 1.       ]
[0.9 1. ]
[-0.71787137  1.        ]
[-0.20763125  1.        ]
[0.1939341 1.       ]
[-0.9  1. ]
[-0.5845964  1.       ]
[-0.9  1. ]
[-0.9  1. ]
[0.5325909 1.       ]
[-0.7604196  1.       ]
[-0.9  1. ]
[-0.7021972  1.       ]
[-0.9  1. ]
[0.01256948 1.        ]
[0.9 1. ]
[-0.74323213  1.        ]
[0.9 1. ]
[0.31454423 1.        ]
[0.40534684 1.        ]
[-0.5026142  1.       ]
[-0.45349532  1.        ]
[0.9 1. ]
[-0.5144487  1.       ]
[0.5974804 1.       ]
[-0.23568283  1.        ]
[0.30110964 1.        ]
[0.7186108 1.       ]
[-0.39706182  1.        ]
[-0.36316493  1.        ]
[-0.7766174  1.       ]
[-0.6434588  1.       ]
[0.77367175 1.        ]
[-0.21894094  1.        ]
[-0.5702666  1.       ]
[0.03860773 1.        ]
[0.05110966 1.        ]
[-0.32457736  1.        ]
[-0.9  1. ]
[0.33871537 1.        ]
[0.9 1. ]
[0.8602341 1.       ]
[-0.9  1. ]
[0.7912294 1.       ]
[0.58399147 1.        ]
[0.9 1. ]
[-0.03447116  1.        ]
[0.45305967 1.        ]
[-0.09242177  1.        ]
[-0.77361304  1.        ]
[0.5951586 1.       ]
[-0.9  1. ]
[0.22095056 1.        ]
[0.9 1. ]
[0.9 1. ]
[-0.1655632  1.       ]
[0.5899321 1.       ]
[-0.9  1. ]
[0.3508429 1.       ]
[-0.32858413  1.        ]
[-0.9  1. ]
[0.35138938 1.        ]
[0.9 1. ]
[-0.6442758  1.       ]
[-0.9  1. ]
[-0.9  1. ]
[0.9 1. ]
[0.38132784 1.        ]
[0.18414567 1.        ]
[-0.6171975  1.       ]
[0.74956 1.     ]
[0.88153446 1.        ]
[0.03035078 1.        ]
[0.5165684 1.       ]
[0.9 1. ]
[0.9 1. ]
[-0.6642275  1.       ]
[-0.6577652  1.       ]
[-0.06764583  1.        ]
[0.36825228 1.        ]
[0.9 1. ]
[-0.9  1. ]
[0.24137215 1.        ]
[-0.9  1. ]
[0.4248992 1.       ]
[-0.0244886  1.       ]
[0.9 1. ]
[0.41829282 1.        ]
[-0.9  1. ]
[0.01919991 1.        ]
[0.6608093 1.       ]
[0.9 1. ]
[0.9 1. ]
[0.9 1. ]
[-0.9  1. ]
[0.8029167 1.       ]
[-0.34308532  1.        ]
[0.9 1. ]
[0.2885303 1.       ]
[0.9 1. ]
[-0.9  1. ]
[-0.9  1. ]
[0.9 1. ]
[0.7372271 1.       ]
[-0.664883  1.      ]
[0.9 1. ]
[0.89332235 1.        ]
[-0.33884808  1.        ]
[0.9 1. ]
[-0.4074531  1.       ]
[0.9 1. ]
[0.00318848 1.        ]
[0.9 1. ]
[-0.09084488  1.        ]
[-0.9  1. ]
[-0.28802472  1.        ]
[0.31144887 1.        ]
[-0.8650955  1.       ]
[0.26439634 1.        ]
[0.9 1. ]
[0.20019808 1.        ]
[0.9 1. ]
[0.17013341 1.        ]
[-0.2738275  1.       ]
[0.9 1. ]
[-0.9  1. ]
[-0.7609564  1.       ]
[-0.24880044  1.        ]
[0.9 1. ]
[0.08124764 1.        ]
[-0.08957678  1.        ]
[0.1916664 1.       ]
[0.4356051 1.       ]
[-0.9  1. ]
[0.7720044 1.       ]
[0.56689423 1.        ]
[0.9 1. ]
[-0.02355873  1.        ]
[-0.9  1. ]
[0.15737227 1.        ]
[-0.05335145  1.        ]
[-0.9  1. ]
[0.9 1. ]
[-0.9  1. ]
[0.9 1. ]
[-0.06866711  1.        ]
[0.30420214 1.        ]
[0.9 1. ]
[-0.3035871  1.       ]
[-0.41721797  1.        ]
[-0.9  1. ]
[0.9 1. ]
[0.9 1. ]
[-0.8935418  1.       ]
[0.21705343 1.        ]
[-0.9  1. ]
[-0.490076  1.      ]
[-0.47627234  1.        ]
[-0.15983239  1.        ]
[0.80907166 1.        ]
[-0.9  1. ]
[0.75716525 1.        ]
[-0.45426357  1.        ]
[-0.6406125  1.       ]
[0.32342505 1.        ]
[-0.721564  1.      ]
[-0.85822254  1.        ]
[0.6203376 1.       ]
[0.25039282 1.        ]
[0.9 1. ]
[-0.9  1. ]
[-0.3242033  1.       ]
[-0.10881407  1.        ]
[0.20202811 1.        ]
[0.9 1. ]
[-0.9  1. ]
[-0.85808074  1.        ]
[-0.0729534  1.       ]
[0.26397032 1.        ]
[-0.9  1. ]
[-0.36310175  1.        ]
[0.8440311 1.       ]
[0.9 1. ]
[-0.9  1. ]
[-0.23788929  1.        ]
[-0.30144495  1.        ]
[0.9 1. ]
[0.9 1. ]
[0.9 1. ]
[0.5636767 1.       ]
[0.9 1. ]
[-0.9  1. ]
[0.9 1. ]
[-0.5606044  1.       ]
[-0.25497523  1.        ]
[0.9 1. ]
[0.9 1. ]
[0.6578904 1.       ]
[0.24968667 1.        ]
[0.806905 1.      ]
[-0.9  1. ]
[-0.9  1. ]
[-0.9  1. ]
[-0.9  1. ]
[-0.26990214  1.        ]
[-0.66952986  1.        ]
[0.9 1. ]
[-0.16180228  1.        ]
[0.24744135 1.        ]
[-0.10594465  1.        ]
[0.9 1. ]
[-0.9  1. ]
[-0.7181368  1.       ]
[-0.9  1. ]
[0.29892036 1.        ]
[0.20848787 1.        ]
[-0.21296746  1.        ]
[0.9 1. ]
[-0.9  1. ]
[0.9 1. ]
[-0.9  1. ]
[-0.21971266  1.        ]
[-0.9  1. ]
[0.9 1. ]
[0.07718486 1.        ]
[0.1256823 1.       ]
[-0.9  1. ]
[-0.46285695  1.        ]
[0.9 1. ]
[0.04102162 1.        ]
[-0.7462311  1.       ]
[-0.9  1. ]
[0.5331654 1.       ]
[-0.31912035  1.        ]
[-0.555619  1.      ]
[0.5799903 1.       ]
[0.02962356 1.        ]
[-0.9  1. ]
[0.9 1. ]
[-0.39354888  1.        ]
----------------------
[-0.4629498  1.       ]
[0.0258164 1.       ]
[-0.42025077  1.        ]
[0.77173257 1.        ]
[-0.48009172  1.        ]
[-0.8943706  1.       ]
[-0.5166526  1.       ]
[0.9 1. ]
[0.9 1. ]
[0.9 1. ]
[0.4144043 1.       ]
[-0.9  1. ]
[-0.5220572  1.       ]
[0.05144506 1.        ]
[-0.9  1. ]
[-0.3827372  1.       ]
[-0.7371029  1.       ]
[0.9 1. ]
[0.9 1. ]
[-0.45742103  1.        ]
[0.23820405 1.        ]
[-0.9  1. ]
[-0.4890808  1.       ]
[-0.9  1. ]
[0.9 1. ]
[0.9 1. ]
[-0.56279176  1.        ]
[-0.39224964  1.        ]
[-0.23488411  1.        ]
[-0.6244264  1.       ]
[0.78696203 1.        ]
[0.9 1. ]
[-0.46950313  1.        ]
[0.1124946 1.       ]
[0.9 1. ]
[-0.9  1. ]
[-0.83014315  1.        ]
[0.9 1. ]
[-0.8821626  1.       ]
[0.39636555 1.        ]
[-0.9  1. ]
[0.9 1. ]
[0.5464218 1.       ]
[-0.2517224  1.       ]
[0.23098895 1.        ]
[0.7036644 1.       ]
[-0.69958234  1.        ]
[0.75232506 1.        ]
[0.39058045 1.        ]
[-0.02690189  1.        ]
[-0.14090496  1.        ]
[0.6332392 1.       ]
[-0.9  1. ]
[-0.9  1. ]
[-0.9  1. ]
[0.9 1. ]
[-0.5164754  1.       ]
[0.65277445 1.        ]
[0.19921839 1.        ]
[0.6761355 1.       ]
[0.9 1. ]
[0.17318933 1.        ]
[0.9 1. ]
[-0.9  1. ]
[0.308322 1.      ]
[0.9 1. ]
[0.9 1. ]
[-0.9  1. ]
[0.9 1. ]
[-0.9  1. ]
[0.5587586 1.       ]
[-0.9  1. ]
[0.9 1. ]
[0.6333229 1.       ]
[-0.38658273  1.        ]
[0.5552983 1.       ]
[0.9 1. ]
[-0.10258673  1.        ]
[0.2842634 1.       ]
[-0.37435046  1.        ]
[0.29399693 1.        ]
[0.9 1. ]
[0.9 1. ]
[0.9 1. ]
[0.9 1. ]
[0.9 1. ]
[-0.9  1. ]
[0.4257406 1.       ]
[-0.9  1. ]
[-0.23912507  1.        ]
[-0.9  1. ]
[-0.20794393  1.        ]
[-0.9  1. ]
[-0.7742347  1.       ]
[-0.9  1. ]
[0.59330446 1.        ]
[0.05251254 1.        ]
[0.83950746 1.        ]
[0.9 1. ]
[0.9 1. ]
[0.4421395 1.       ]
[-0.25141937  1.        ]
[0.26603672 1.        ]
[0.9 1. ]
[0.4014948 1.       ]
[0.9 1. ]
[-0.21417357  1.        ]
[-0.10718488  1.        ]
[0.9 1. ]
[-0.9  1. ]
[-0.2161371  1.       ]
[-0.44914797  1.        ]
[0.9 1. ]
[-0.6558553  1.       ]
[0.00463749 1.        ]
[0.71216106 1.        ]
[-0.9  1. ]
[-0.20036376  1.        ]
[-0.8551937  1.       ]
[-0.3118716  1.       ]
[0.9 1. ]
[0.9 1. ]
[0.9 1. ]
[0.649486 1.      ]
[-0.9  1. ]
[-0.9  1. ]
[0.9 1. ]
[0.24463794 1.        ]
[0.22335702 1.        ]
[0.64393044 1.        ]
[-0.08370451  1.        ]
[-0.07772557  1.        ]
[-0.9  1. ]
[-0.9  1. ]
[-0.9  1. ]
[-0.695459  1.      ]
[0.44720334 1.        ]
[-0.06520526  1.        ]
[0.9 1. ]
[-0.9  1. ]
[-0.42186475  1.        ]
[0.2733154 1.       ]
[-0.24927291  1.        ]
[0.9 1. ]
[-0.9  1. ]
[-0.9  1. ]
[-0.2776204  1.       ]
[0.6977724 1.       ]
[0.9 1. ]
[0.9 1. ]
[0.5965984 1.       ]
[-0.16799542  1.        ]
[0.9 1. ]
[-0.47347933  1.        ]
[-0.9  1. ]
[-0.6042213  1.       ]
[-0.9  1. ]
[0.35614628 1.        ]
[0.32438153 1.        ]
[-0.9  1. ]
[-0.19457024  1.        ]
[-0.40662768  1.        ]
[-0.32761046  1.        ]
[0.29383224 1.        ]
[0.30992478 1.        ]
[0.11489623 1.        ]
[0.9 1. ]
[-0.57518244  1.        ]
[-0.47742984  1.        ]
[0.9 1. ]
[-0.9  1. ]
[-0.9  1. ]
[-0.8581535  1.       ]
[-0.1009972  1.       ]
[-0.15240432  1.        ]
[0.74946815 1.        ]
[-0.9  1. ]
[0.54481107 1.        ]
[0.4467714 1.       ]
[0.75008476 1.        ]
[0.9 1. ]
[-0.08380098  1.        ]
[-0.6747172  1.       ]
[-0.71807283  1.        ]
[0.29460397 1.        ]
[-0.02043072  1.        ]
[-0.00417922  1.        ]
[0.9 1. ]
[-0.9  1. ]
[-0.7674989  1.       ]
[0.9 1. ]
[0.65336347 1.        ]
[0.43922263 1.        ]
[-0.43293098  1.        ]
[-0.9  1. ]
[-0.7989745  1.       ]
[0.9 1. ]
[-0.9  1. ]
[-0.01994419  1.        ]
[-0.9  1. ]
[-0.85154796  1.        ]
[-0.9  1. ]
[-0.8526623  1.       ]
[0.69095504 1.        ]
[-0.9  1. ]
[-0.5295247  1.       ]
[0.10067485 1.        ]
[0.8221474 1.       ]
[-0.4313073  1.       ]
[0.9 1. ]
[-0.11047809  1.        ]
[0.4825147 1.       ]
[-0.9  1. ]
[-0.9  1. ]
[0.9 1. ]
[0.00714084 1.        ]
[-0.08500146  1.        ]
[0.9 1. ]
[-0.3853429  1.       ]
[0.9 1. ]
[-0.9  1. ]
[0.3279126 1.       ]
[0.5134253 1.       ]
[0.16327737 1.        ]
[0.72600234 1.        ]
[-0.9  1. ]
[-0.70319414  1.        ]
[0.9 1. ]
[0.9 1. ]
[-0.9  1. ]
[-0.9  1. ]
[0.9 1. ]
[-0.9  1. ]
[0.4516641 1.       ]
[-0.9  1. ]
[0.0585364 1.       ]
[0.23650302 1.        ]
[0.24949834 1.        ]
[0.9 1. ]
[0.04025596 1.        ]
[-0.9  1. ]
[0.30200234 1.        ]
[-0.39619705  1.        ]
[0.9 1. ]
[-0.20696375  1.        ]
[-0.55119324  1.        ]
[-0.5696648  1.       ]
[-0.47133565  1.        ]
[-0.07962461  1.        ]
[0.9 1. ]
[-0.9  1. ]
[-0.9  1. ]
[0.82845324 1.        ]
[0.7260962 1.       ]
[0.19555955 1.        ]
[-0.5429729  1.       ]
[0.9 1. ]
[-0.10996187  1.        ]
[-0.9  1. ]
[-0.0186035  1.       ]
[0.13758557 1.        ]
[-0.10140623  1.        ]
[-0.11148375  1.        ]
[0.06310424 1.        ]
[-0.50468737  1.        ]
[-0.75102717  1.        ]
[-0.78265756  1.        ]
[-0.5648513  1.       ]
[-0.23048833  1.        ]
[-0.04254047  1.        ]
[0.01391662 1.        ]
[-0.87804234  1.        ]
[-0.9  1. ]
[0.6748832 1.       ]
[0.15061633 1.        ]
[0.27040926 1.        ]
[0.7889803 1.       ]
[-0.66966325  1.        ]
[0.1435293 1.       ]
[-0.9  1. ]
[0.9 1. ]
[-0.2761857  1.       ]
[0.44263804 1.        ]
[0.42520347 1.        ]
[0.9 1. ]
[-0.9  1. ]
[0.9 1. ]
[-0.18441242  1.        ]
[0.87916094 1.        ]
[-0.44870415  1.        ]
[-0.06526763  1.        ]
[-0.38080826  1.        ]
[0.9 1. ]
[-0.9  1. ]
[-0.9  1. ]
[-0.77621907  1.        ]
[0.89330524 1.        ]
[0.41882023 1.        ]
[0.02146052 1.        ]
[-0.5661138  1.       ]
[0.15036355 1.        ]
[-0.9  1. ]
[-0.47769496  1.        ]
[0.9 1. ]
[-0.9  1. ]
[0.58421755 1.        ]
[-0.9  1. ]
[-0.6836495  1.       ]
[0.75777954 1.        ]
[-0.62020004  1.        ]
[-0.9  1. ]
[0.12450026 1.        ]
[0.6422173 1.       ]
[-0.385349  1.      ]
[0.9 1. ]
[0.9 1. ]
[0.63271904 1.        ]
[0.9 1. ]
[0.9 1. ]
[0.17870618 1.        ]
[-0.5926334  1.       ]
[0.15798752 1.        ]
[0.20318827 1.        ]
[0.9 1. ]
[-0.60924155  1.        ]
[0.3568713 1.       ]
[0.53314495 1.        ]
[-0.14968127  1.        ]
[-0.9  1. ]
[0.9 1. ]
[0.9 1. ]
[0.34190604 1.        ]
[-0.9  1. ]
[-0.9  1. ]
[-0.33504522  1.        ]
[-0.48162168  1.        ]
[0.341354 1.      ]
[-0.27398944  1.        ]
[-0.09312376  1.        ]
[0.7238346 1.       ]
[0.9 1. ]
[-0.51576966  1.        ]
[0.9 1. ]
[-0.9  1. ]
[-0.5173306  1.       ]
[0.19011448 1.        ]
[-0.9  1. ]
[-0.9  1. ]
[-0.9  1. ]
[-0.44036126  1.        ]
[-0.16506559  1.        ]
[0.9 1. ]
[0.22704874 1.        ]
[-0.9  1. ]
[-0.53548515  1.        ]
[0.73001593 1.        ]
[0.9 1. ]
[-0.75959885  1.        ]
[0.69885623 1.        ]
[-0.6513953  1.       ]
[0.7181171 1.       ]
[0.9 1. ]
[0.3971837 1.       ]
[0.3086285 1.       ]
[-0.5573019  1.       ]
[0.22930337 1.        ]
[0.3098717 1.       ]
[-0.46439826  1.        ]
[0.9 1. ]
[0.454969 1.      ]
[0.9 1. ]
[0.9 1. ]
[-0.15483537  1.        ]
[-0.7493565  1.       ]
[0.4608523 1.       ]
[-0.9  1. ]
[-0.7017741  1.       ]
[-0.27377838  1.        ]
[-0.33160576  1.        ]
[0.06101004 1.        ]
[0.6157797 1.       ]
[-0.01814775  1.        ]
[0.9 1. ]
[0.49502575 1.        ]
[0.25669768 1.        ]
[-0.01002326  1.        ]
[0.20534123 1.        ]
[0.9 1. ]
[0.7487558 1.       ]
[-0.9  1. ]
[0.15582094 1.        ]
[0.9 1. ]
[0.52248484 1.        ]
[-0.9  1. ]
[0.0887145 1.       ]
[0.9 1. ]
[-0.36412922  1.        ]
[-0.9  1. ]
[0.73115027 1.        ]
[0.6479278 1.       ]
[-0.81174064  1.        ]
[0.9 1. ]
[0.9 1. ]
[-0.9  1. ]
[0.9 1. ]
[-0.9  1. ]
[-0.9  1. ]
[0.46233645 1.        ]
[0.1371891 1.       ]
[-0.9  1. ]
[-0.34335896  1.        ]
[-0.48684773  1.        ]
[-0.9  1. ]
[-0.9  1. ]
[-0.27762434  1.        ]
[0.23268503 1.        ]
[0.17970246 1.        ]
[-0.2299806  1.       ]
[-0.9  1. ]
[-0.9  1. ]
[0.515718 1.      ]
[-0.59947324  1.        ]
[-0.9  1. ]
[0.09175314 1.        ]
[0.76390815 1.        ]
[-0.46768382  1.        ]
[-0.24338059  1.        ]
[-0.06843469  1.        ]
[-0.00541011  1.        ]
[0.48667458 1.        ]
[-0.43198672  1.        ]
[-0.6570644  1.       ]
[0.8949666 1.       ]
[-0.49315205  1.        ]
[-0.9  1. ]
[0.9 1. ]
[0.86402506 1.        ]
[0.9 1. ]
[0.8969534 1.       ]
[0.9 1. ]
[-0.15360822  1.        ]
[0.5982362 1.       ]
[-0.8562259  1.       ]
[-0.9  1. ]
[-0.9  1. ]
[-0.9  1. ]
[-0.9  1. ]
[-0.5052405  1.       ]
[0.9 1. ]
[0.9 1. ]
[2.3353077e-04 1.0000000e+00]
[0.879329 1.      ]
[0.30003452 1.        ]
[0.1251249 1.       ]
[0.74885005 1.        ]
[-0.9  1. ]
[0.9 1. ]
[0.40525457 1.        ]
[-0.4386082  1.       ]
[-0.9  1. ]
[0.57863367 1.        ]
[-0.9  1. ]
[-0.10099738  1.        ]
[0.9 1. ]
[-0.9  1. ]
[0.9 1. ]
[-0.0168802  1.       ]
[-0.2542473  1.       ]
[-0.55120623  1.        ]
[0.53832006 1.        ]
[0.9 1. ]
[0.9 1. ]
[0.14449373 1.        ]
[-0.360722  1.      ]
[0.10390808 1.        ]
[0.23593584 1.        ]
[-0.4835509  1.       ]
[-0.51714575  1.        ]
[0.9 1. ]
[-0.8690049  1.       ]
[-0.21475887  1.        ]
[-0.9  1. ]
[-0.9  1. ]
[0.04013442 1.        ]
[-0.4766316  1.       ]
[0.5697209 1.       ]
[-0.9  1. ]
[0.65012014 1.        ]
[0.9 1. ]
[0.2500245 1.       ]
[-0.60820454  1.        ]
[0.5630952 1.       ]
[0.9 1. ]
[-0.36557752  1.        ]
[0.7871127 1.       ]
[-0.9  1. ]
[0.10418388 1.        ]
[-0.11068323  1.        ]
[0.9 1. ]
[-0.26989844  1.        ]
[0.00302822 1.        ]
[0.9 1. ]
[-0.36111572  1.        ]
[-0.9  1. ]
[-0.7113167  1.       ]
[-0.51522297  1.        ]
[0.9 1. ]
[0.14783192 1.        ]
[-0.03582618  1.        ]
[0.9 1. ]
[-0.9  1. ]
[-0.12882155  1.        ]
[0.81861234 1.        ]
[0.4673613 1.       ]
[0.49524522 1.        ]
[-0.9  1. ]
[0.9 1. ]
[-0.04502612  1.        ]
[0.22857955 1.        ]
[-0.9  1. ]
[-0.9  1. ]
[-0.9  1. ]
[-0.46718663  1.        ]
[-0.2076983  1.       ]
[-0.42742142  1.        ]
[0.59346616 1.        ]
[0.9 1. ]
[0.10695038 1.        ]
[-0.9  1. ]
[-0.404081  1.      ]
[0.9 1. ]
[-0.8837324  1.       ]
[-0.9  1. ]
[-0.8695412  1.       ]
[-0.5390209  1.       ]
[-0.82651085  1.        ]
[0.46685994 1.        ]
[0.9 1. ]
[-0.48638204  1.        ]
[0.9 1. ]
[-0.9  1. ]
[-0.42570332  1.        ]
[0.9 1. ]
[0.9 1. ]
[0.9 1. ]
[0.9 1. ]
[-0.14541909  1.        ]
[-0.6951037  1.       ]
[0.9 1. ]
[-0.2930554  1.       ]
[-0.9  1. ]
[-0.27337065  1.        ]
[-0.86349994  1.        ]
[0.36447552 1.        ]
[0.17193185 1.        ]
[0.9 1. ]
[0.9 1. ]
[0.8989009 1.       ]
[0.8917978 1.       ]
[0.9 1. ]
[-0.8287752  1.       ]
[-0.9  1. ]
[0.39446488 1.        ]
[0.9 1. ]
[-0.7944614  1.       ]
[-0.07538699  1.        ]
[0.9 1. ]
[-0.02560166  1.        ]
[0.9 1. ]
[-0.9  1. ]
[0.33283445 1.        ]
[0.3431813 1.       ]
[-0.25697628  1.        ]
[-0.15539406  1.        ]
[0.9 1. ]
[-0.38761944  1.        ]
[-0.9  1. ]
[-0.645459  1.      ]
[0.9 1. ]
[0.19197904 1.        ]
[0.49183717 1.        ]
[0.15226021 1.        ]
[0.9 1. ]
[0.49752253 1.        ]
[-0.4128407  1.       ]
[-0.05382877  1.        ]
[0.19972602 1.        ]
[-0.9  1. ]
[-0.3484246  1.       ]
[-0.09806978  1.        ]
[-0.49702325  1.        ]
[0.5680366 1.       ]
[0.9 1. ]
[0.20226432 1.        ]
[0.9 1. ]
[0.8337514 1.       ]
[0.9 1. ]
[0.50885 1.     ]
[0.9 1. ]
[0.09750181 1.        ]
[-0.9  1. ]
[0.2141165 1.       ]
[-0.9  1. ]
[-0.9  1. ]
[0.03954647 1.        ]
[0.9 1. ]
[-0.9  1. ]
[0.02324091 1.        ]
[0.57513446 1.        ]
[-0.711475  1.      ]
[0.22102557 1.        ]
[0.9 1. ]
[-0.37791553  1.        ]
[0.45991257 1.        ]
[-0.44197038  1.        ]
[0.9 1. ]
[-0.17499687  1.        ]
[0.78430986 1.        ]
[0.9 1. ]
[0.9 1. ]
[-0.9  1. ]
[-0.9  1. ]
[0.9 1. ]
[-0.21104206  1.        ]
[0.3319883 1.       ]
[0.02842677 1.        ]
[-0.9  1. ]
[0.9 1. ]
[0.58227724 1.        ]
[-0.26835373  1.        ]
[0.06391794 1.        ]
[-0.9  1. ]
[-0.31679088  1.        ]
[0.7930085 1.       ]
[-0.9  1. ]
[-0.8021368  1.       ]
[0.9 1. ]
[-0.8079208  1.       ]
[-0.3593006  1.       ]
[-0.7314084  1.       ]
[0.45405763 1.        ]
[-0.13621432  1.        ]
[0.46807024 1.        ]
[-0.9  1. ]
[-0.3074476  1.       ]
[-0.0253814  1.       ]
[0.5553628 1.       ]
[0.44777 1.     ]
[-0.41369516  1.        ]
[0.15460643 1.        ]
[0.16390209 1.        ]
[0.9 1. ]
[0.31813964 1.        ]
[0.39378837 1.        ]
[0.21104239 1.        ]
[-0.26657784  1.        ]
[0.73579496 1.        ]
[-0.6183994  1.       ]
[-0.33504608  1.        ]
[0.9 1. ]
[0.15387113 1.        ]
[-0.9  1. ]
[0.22161525 1.        ]
[-0.9  1. ]
[0.12660588 1.        ]
[0.3205034 1.       ]
[-0.5882798  1.       ]
[-0.7191196  1.       ]
[-0.21641558  1.        ]
[-0.9  1. ]
[0.9 1. ]
[0.9 1. ]
[0.24696204 1.        ]
[0.26306623 1.        ]
[0.04245328 1.        ]
[0.7863133 1.       ]
[-0.30439126  1.        ]
[0.1117008 1.       ]
[0.46548736 1.        ]
[-0.9  1. ]
[0.04020431 1.        ]
[0.877506 1.      ]
[0.62285775 1.        ]
[-0.59791493  1.        ]
[0.46747926 1.        ]
[0.6771371 1.       ]
[-0.9  1. ]
[0.9 1. ]
[-0.9  1. ]
[0.9 1. ]
[0.7513108 1.       ]
[-0.9  1. ]
[0.6832505 1.       ]
[0.9 1. ]
[0.65576184 1.        ]
[0.32448652 1.        ]
[0.12929215 1.        ]
[-0.9  1. ]
[0.5357257 1.       ]
[0.9 1. ]
[-0.7870272  1.       ]
[-0.9  1. ]
[-0.6799483  1.       ]
[-0.9  1. ]
[-0.5546383  1.       ]
[0.9 1. ]
[0.9 1. ]
[0.0193441 1.       ]
[-0.10788115  1.        ]
[-0.9  1. ]
[0.1611908 1.       ]
[0.55497694 1.        ]
[0.9 1. ]
[-0.09763905  1.        ]
[0.7551229 1.       ]
[0.17840905 1.        ]
[0.9 1. ]
[-0.9  1. ]
[0.04371276 1.        ]
[-0.2807197  1.       ]
[-0.53203785  1.        ]
[-0.1689374  1.       ]
[0.34286895 1.        ]
[0.38652763 1.        ]
[0.6800357 1.       ]
[0.8754913 1.       ]
[-0.6292164  1.       ]
[-0.21933998  1.        ]
[0.3475552 1.       ]
[-0.20087835  1.        ]
[-0.9  1. ]
[-0.9  1. ]
[-0.19729495  1.        ]
[0.7333386 1.       ]
[-0.8632117  1.       ]
[0.9 1. ]
[0.9 1. ]
[-0.9  1. ]
[-0.01032046  1.        ]
[-0.18884216  1.        ]
[-0.9  1. ]
[0.7006095 1.       ]
[0.5054518 1.       ]
[-0.4667951  1.       ]
[0.9 1. ]
[0.71345514 1.        ]
[0.9 1. ]
[0.6747393 1.       ]
[-0.7348112  1.       ]
[-0.9  1. ]
[-0.6409673  1.       ]
[0.45998484 1.        ]
[0.9 1. ]
[-0.51360035  1.        ]
[-0.38014904  1.        ]
[0.3942496 1.       ]
[0.9 1. ]
[0.9 1. ]
[-0.33945027  1.        ]
[-0.86638725  1.        ]
[-0.7343525  1.       ]
[-0.18290555  1.        ]
[-0.9  1. ]
[-0.9  1. ]
[-0.20173973  1.        ]
[0.30544776 1.        ]
[0.9 1. ]
[-0.9  1. ]
[-0.9  1. ]
[-0.9  1. ]
[-0.9  1. ]
[0.04142936 1.        ]
[0.9 1. ]
[-0.9  1. ]
[0.9 1. ]
[0.7357806 1.       ]
[0.6288732 1.       ]
[-0.9  1. ]
[-0.9  1. ]
[0.46672857 1.        ]
[0.5835082 1.       ]
[-0.9  1. ]
[0.9 1. ]
[-0.5352004  1.       ]
[-0.10071246  1.        ]
[-0.14500268  1.        ]
[0.9 1. ]
[0.9 1. ]
[-0.20768714  1.        ]
[-0.9  1. ]
[0.9 1. ]
[0.67471486 1.        ]
[-0.46730766  1.        ]
[-0.4212286  1.       ]
[-0.9  1. ]
[-0.9  1. ]
[0.34529215 1.        ]
[0.29103586 1.        ]
[-0.48989084  1.        ]
[-0.4144581  1.       ]
[-0.17262459  1.        ]
[0.10019355 1.        ]
[-0.9  1. ]
[0.87521106 1.        ]
[-0.9  1. ]
[-0.7685937  1.       ]
[-0.05321702  1.        ]
[0.5631308 1.       ]
[-0.8075965  1.       ]
[-0.9  1. ]
[0.19656575 1.        ]
[-0.2281649  1.       ]
[0.4677077 1.       ]
[-0.21608707  1.        ]
[0.9 1. ]
[-0.6473779  1.       ]
[-0.06817406  1.        ]
[-0.9  1. ]
[-0.06548553  1.        ]
[-0.9  1. ]
[0.8972527 1.       ]
[0.1229806 1.       ]
[0.19014767 1.        ]
[-0.6108729  1.       ]
[0.05212266 1.        ]
[-0.43518865  1.        ]
[0.9 1. ]
[0.9 1. ]
[-0.07482896  1.        ]
[0.03813177 1.        ]
[0.9 1. ]
[-0.9  1. ]
[-0.6819773  1.       ]
[0.00380913 1.        ]
[0.23218207 1.        ]
[-0.12754682  1.        ]
[0.11182103 1.        ]
[-0.34297344  1.        ]
[0.3785927 1.       ]
[-0.9  1. ]
[-0.21164753  1.        ]
[-0.43163905  1.        ]
[0.9 1. ]
[0.39730194 1.        ]
[0.14088437 1.        ]
[0.9 1. ]
[-0.9  1. ]
[-0.85041195  1.        ]
[0.42037293 1.        ]
[-0.82642025  1.        ]
[-0.22913796  1.        ]
[-0.80530024  1.        ]
[0.32774678 1.        ]
[-0.9  1. ]
[-0.6230971  1.       ]
[-0.9  1. ]
[0.9 1. ]
[-0.9  1. ]
[-0.86173123  1.        ]
[-0.3109295  1.       ]
[-0.9  1. ]
[0.24108241 1.        ]
[-0.743841  1.      ]
[-0.9  1. ]
[-0.9  1. ]
[0.9 1. ]
[-0.7424258  1.       ]
[0.6342147 1.       ]
[0.24565795 1.        ]
[0.310494 1.      ]
[-0.30800894  1.        ]
[0.9 1. ]
[0.8270422 1.       ]
[-0.24043435  1.        ]
[0.6832138 1.       ]
[0.31358975 1.        ]
[-0.9  1. ]
[0.14095637 1.        ]
[0.9 1. ]
[-0.01552793  1.        ]
[0.84208924 1.        ]
[-0.7009194  1.       ]
[-0.05423769  1.        ]
[-0.9  1. ]
[-0.59471405  1.        ]
[0.9 1. ]
[0.4087041 1.       ]
[0.7880555 1.       ]
[-0.9  1. ]
[0.4456639 1.       ]
[-0.8443453  1.       ]
[-0.06530473  1.        ]
[-0.70765114  1.        ]
[0.43439737 1.        ]
[0.9 1. ]
[0.9 1. ]
[-0.9  1. ]
[-0.6119185  1.       ]
[-0.32591423  1.        ]
[-0.8088203  1.       ]
[0.07039855 1.        ]
[0.5067216 1.       ]
[0.9 1. ]
[-0.15302336  1.        ]
[0.9 1. ]
[0.9 1. ]
[-0.80767316  1.        ]
[0.9 1. ]
[0.9 1. ]
[0.17721099 1.        ]
[-0.05683915  1.        ]
[0.9 1. ]
[-0.9  1. ]
[0.78075653 1.        ]
[0.9 1. ]
[0.01748244 1.        ]
[-0.9  1. ]
[-0.47573015  1.        ]
[-0.47923222  1.        ]
[0.9 1. ]
[-0.2328618  1.       ]
[0.6093861 1.       ]
[0.9 1. ]
[0.9 1. ]
[-0.07215779  1.        ]
[0.5833386 1.       ]
[-0.89722615  1.        ]
[0.06635688 1.        ]
[0.1837153 1.       ]
[0.9 1. ]
[-0.39545822  1.        ]
[-0.59779656  1.        ]
[0.9 1. ]
[-0.30818477  1.        ]
[0.4998433 1.       ]
[0.85881203 1.        ]
[-0.9  1. ]
[0.77009845 1.        ]
[0.32503635 1.        ]
[0.2783559 1.       ]
[-0.9  1. ]
[-0.9  1. ]
[0.06538718 1.        ]
[-0.1462014  1.       ]
[0.28029066 1.        ]
[0.21238442 1.        ]
[0.9 1. ]
[0.77848047 1.        ]
[0.20405419 1.        ]
[-0.9  1. ]
[0.3553332 1.       ]
[0.50367796 1.        ]
[0.3564744 1.       ]
[0.20425548 1.        ]
[0.9 1. ]
[0.6054514 1.       ]
[-0.9  1. ]
[-0.9  1. ]
[0.7282095 1.       ]
[0.9 1. ]
[0.9 1. ]
[0.9 1. ]
[-0.6309238  1.       ]
[0.9 1. ]
[-0.9  1. ]
[0.7893424 1.       ]
[-0.54425734  1.        ]
[0.9 1. ]
[0.04498751 1.        ]
[0.42257679 1.        ]
[0.9 1. ]
[0.64270765 1.        ]
[0.38212535 1.        ]
[-0.39150584  1.        ]
[0.9 1. ]
[-0.9  1. ]
[0.15750375 1.        ]
[-0.9  1. ]
[-0.31645223  1.        ]
[0.5448759 1.       ]
[0.9 1. ]
[-0.48230863  1.        ]
[-0.9  1. ]
[-0.9  1. ]
[-0.07130665  1.        ]
[-0.9  1. ]
[0.74137616 1.        ]
[-0.5055698  1.       ]
[0.9 1. ]
[0.32123342 1.        ]
[0.43249363 1.        ]
[-0.9  1. ]
[-0.9  1. ]
[-0.9  1. ]
[0.50227076 1.        ]
[0.9 1. ]
[-0.2384525  1.       ]
[0.9 1. ]
[0.9 1. ]
[0.9 1. ]
[0.5320023 1.       ]
[-0.49054214  1.        ]
[-0.47566634  1.        ]
[-0.54670566  1.        ]
[0.60150176 1.        ]
[0.81937116 1.        ]
[0.9 1. ]
[-0.9  1. ]
[0.123023 1.      ]
[0.9 1. ]
[-0.9  1. ]
[-0.25866598  1.        ]
[0.9 1. ]
[-0.9  1. ]
[-0.9  1. ]
[0.61961114 1.        ]
[0.21984111 1.        ]
[-0.6362202  1.       ]
[0.9 1. ]
[0.9 1. ]
[0.84596866 1.        ]
[-0.35532242  1.        ]
[0.37145454 1.        ]
[0.9 1. ]
[-0.9  1. ]
[-0.4343021  1.       ]
[-0.9  1. ]
[-0.5480625  1.       ]
[-0.9  1. ]
[-0.9  1. ]
[0.5044524 1.       ]
[0.9 1. ]
[0.26957065 1.        ]
[0.2840597 1.       ]
[0.9 1. ]
[-0.7937518  1.       ]
[0.00736442 1.        ]
[0.9 1. ]
[-0.9  1. ]
[0.14693564 1.        ]
[-0.54150015  1.        ]
[0.4730395 1.       ]
[-0.45897576  1.        ]
[0.01527228 1.        ]
[0.41243818 1.        ]
[0.43364826 1.        ]
[0.9 1. ]
[0.28763145 1.        ]
[0.09589005 1.        ]
[0.9 1. ]
[0.9 1. ]
[-0.8521249  1.       ]
[-0.9  1. ]
[0.9 1. ]
[0.7368232 1.       ]
[0.45009887 1.        ]
[-0.9  1. ]
[-0.16289718  1.        ]
[0.9 1. ]
[0.5672911 1.       ]
[0.66130227 1.        ]
[-0.14654694  1.        ]
[0.9 1. ]
[0.34450662 1.        ]
[0.00632498 1.        ]
[0.9 1. ]
[0.6658834 1.       ]
[0.9 1. ]
[0.18236104 1.        ]
[0.37460235 1.        ]
[0.34426677 1.        ]
[0.61100984 1.        ]
[-0.9  1. ]
[0.80711323 1.        ]
[-0.11086643  1.        ]
[-0.85072064  1.        ]
[-0.11676994  1.        ]
[-0.077659  1.      ]
[0.11446893 1.        ]
[-0.325635  1.      ]
[-0.8496379  1.       ]
[-0.32979915  1.        ]
[0.8191531 1.       ]
[-0.86612445  1.        ]
[-0.6250116  1.       ]
[0.2954877 1.       ]
[0.06433584 1.        ]
[-0.9  1. ]
[0.650605 1.      ]
[-0.66586447  1.        ]
[-0.617469  1.      ]
[-0.9  1. ]
[0.9 1. ]
[-0.9  1. ]
[0.68656194 1.        ]
[0.22198266 1.        ]
[-0.9  1. ]
[0.9 1. ]
[-0.8787813  1.       ]
[0.9 1. ]
[0.4242247 1.       ]
[0.698763 1.      ]
[0.25792667 1.        ]
[-0.9  1. ]
[0.10833751 1.        ]
[0.29873303 1.        ]
[0.47818315 1.        ]
[0.9 1. ]
[-0.40482014  1.        ]
[0.9 1. ]
[-0.28658634  1.        ]
[-0.9  1. ]
[0.17348504 1.        ]
[-0.15115666  1.        ]
[0.9 1. ]
[0.5564612 1.       ]
[-0.9  1. ]
[0.9 1. ]
[-0.5490163  1.       ]
[0.9 1. ]
[-0.69809777  1.        ]
[0.9 1. ]
[-0.81691813  1.        ]
[0.8962141 1.       ]
[-0.9  1. ]
[0.9 1. ]
[-0.32856303  1.        ]
[-0.9  1. ]
[-0.19846487  1.        ]
[-0.04060447  1.        ]
[0.9 1. ]
[-0.9  1. ]
[-0.9  1. ]
[0.9 1. ]
[-0.9  1. ]
[-0.09052964  1.        ]
[0.83688635 1.        ]
[0.9 1. ]
[0.3930261 1.       ]
[-0.9  1. ]
[0.11618609 1.        ]
[-0.34603098  1.        ]
[-0.23667789  1.        ]
[-0.46515393  1.        ]
[0.13612348 1.        ]
[-0.797954  1.      ]
[-0.21995728  1.        ]
[-0.5145893  1.       ]
[-0.9  1. ]
[-0.9  1. ]
[-0.9  1. ]
[0.5666047 1.       ]
[0.9 1. ]
[0.9 1. ]
[0.7410319 1.       ]
[-0.8522893  1.       ]
[-0.9  1. ]
[-0.9  1. ]
[-0.8786994  1.       ]
[-0.14689188  1.        ]
[-0.00891643  1.        ]
[0.60490483 1.        ]
[-0.07517656  1.        ]
[0.75693864 1.        ]
[0.02529206 1.        ]
[0.32591864 1.        ]
[-0.8033239  1.       ]
[-0.06589532  1.        ]
[-0.9  1. ]
[0.9 1. ]
[0.4052477 1.       ]
[-0.01241965  1.        ]
[0.9 1. ]
[0.47198027 1.        ]
[0.45979542 1.        ]
[-0.21015012  1.        ]
[-0.14659464  1.        ]
[-0.6340254  1.       ]
[0.9 1. ]
[-0.8290829  1.       ]
[0.16015634 1.        ]
[0.5080663 1.       ]
[-0.75450516  1.        ]
[-0.82967967  1.        ]
[0.4279021 1.       ]
[-0.18569216  1.        ]
[-0.29016733  1.        ]
[0.4389819 1.       ]
[0.0038215 1.       ]
[0.9 1. ]
[-0.1674288  1.       ]
[-0.6409697  1.       ]
[0.9 1. ]
[0.3097199 1.       ]
[0.34719622 1.        ]
[0.83721054 1.        ]
[-0.27969125  1.        ]
[-0.62021863  1.        ]
[0.9 1. ]
[-0.9  1. ]
[0.9 1. ]
[0.9 1. ]
[-0.24381775  1.        ]
[-0.62317854  1.        ]
[0.0566235 1.       ]
[0.48159274 1.        ]
[0.3124692 1.       ]
[0.9 1. ]
[0.9 1. ]
[-0.9  1. ]
[-0.9  1. ]
[0.9 1. ]
[-0.9  1. ]
[0.5855334 1.       ]
[0.37490955 1.        ]
[-0.9  1. ]
[0.9 1. ]
[-0.9  1. ]
[-0.12110295  1.        ]
[-0.30566165  1.        ]
[-0.8612259  1.       ]
[-0.44889194  1.        ]
[0.9 1. ]
[0.05011169 1.        ]
[0.0066847 1.       ]
[-0.46709225  1.        ]
[0.34247306 1.        ]
[0.0541443 1.       ]
[0.9 1. ]
[0.59366477 1.        ]
[-0.9  1. ]
[0.8814371 1.       ]
[0.2967181 1.       ]
[-0.41071662  1.        ]
[-0.9  1. ]
[0.27614698 1.        ]
[-0.9  1. ]
[0.03881313 1.        ]
[-0.13149995  1.        ]
[-0.19159715  1.        ]
[0.10472152 1.        ]
[-0.8811047  1.       ]
[-0.35007295  1.        ]
[-0.1866776  1.       ]
[-0.41448432  1.        ]
[0.08910169 1.        ]
[-0.63698554  1.        ]
[0.9 1. ]
[-0.8378127  1.       ]
[0.50630087 1.        ]
[0.9 1. ]
[-0.23082039  1.        ]
[-0.9  1. ]
[-0.9  1. ]
[-0.83266366  1.        ]
[0.70895314 1.        ]
[-0.9  1. ]
[0.7143502 1.       ]
[-0.14269811  1.        ]
[0.9 1. ]
[-0.5467209  1.       ]
[0.42485937 1.        ]
[-0.6023717  1.       ]
[-0.23171592  1.        ]
[0.9 1. ]
[0.3497159 1.       ]
[0.2609518 1.       ]
[-0.2857557  1.       ]
[0.10840217 1.        ]
[-0.9  1. ]
[-0.9  1. ]
[0.9 1. ]
[0.9 1. ]
[-0.38308835  1.        ]
[0.3176521 1.       ]
[0.09454026 1.        ]
[-0.9  1. ]
[0.9 1. ]
[-0.5622237  1.       ]
[0.34785604 1.        ]
[0.9 1. ]
[0.9 1. ]
[0.9 1. ]
[0.04821687 1.        ]
[0.71916497 1.        ]
[0.19955465 1.        ]
[-0.9  1. ]
[-0.5219966  1.       ]
[0.9 1. ]
[-0.9  1. ]
[0.9 1. ]
[-0.9  1. ]
[-0.42263806  1.        ]
[0.9 1. ]
[0.9 1. ]
[-0.57954854  1.        ]
[-0.6744827  1.       ]
[0.31960142 1.        ]
[-0.20010266  1.        ]
[-0.7898719  1.       ]
[-0.9  1. ]
[-0.23901828  1.        ]
[0.9 1. ]
[0.53225046 1.        ]
[0.9 1. ]
[-0.7219073  1.       ]
[-0.9  1. ]
[0.59973145 1.        ]
[-0.81286967  1.        ]
[-0.7678448  1.       ]
[-0.9  1. ]
[-0.24831773  1.        ]
[0.05344784 1.        ]
[-0.04482368  1.        ]
[0.11744078 1.        ]
[0.17161828 1.        ]
[-0.01085785  1.        ]
[-0.47256222  1.        ]
[-0.17517407  1.        ]
[-0.9  1. ]
[0.9 1. ]
[-0.40212753  1.        ]
[0.9 1. ]
[0.9 1. ]
[-0.5500754  1.       ]
[-0.9  1. ]
[-0.9  1. ]
[0.9 1. ]
[0.3147227 1.       ]
[0.68863416 1.        ]
[-0.9  1. ]
[0.73222035 1.        ]
[-0.46941304  1.        ]
[0.5911671 1.       ]
[0.86803895 1.        ]
[-0.4087171  1.       ]
[-0.45234942  1.        ]
[-0.9  1. ]
[-0.06545878  1.        ]
[-0.5822373  1.       ]
[-0.9  1. ]
[-0.21495983  1.        ]
[-0.9  1. ]
[-0.9  1. ]
[-0.45193923  1.        ]
[-0.22901861  1.        ]
[0.593369 1.      ]
[-0.9  1. ]
[-0.9  1. ]
[0.6070258 1.       ]
[0.5494127 1.       ]
[-0.9  1. ]
[0.9 1. ]
[-0.73647696  1.        ]
[0.5366516 1.       ]
[-0.73412836  1.        ]
[-0.5299333  1.       ]
[0.16641997 1.        ]
[-0.22112706  1.        ]
[0.10560186 1.        ]
[0.9 1. ]
[0.9 1. ]
[-0.51520145  1.        ]
[-0.9  1. ]
[0.9 1. ]
[-0.9  1. ]
[0.9 1. ]
[0.5196143 1.       ]
[-0.03841  1.     ]
[-0.9  1. ]
[0.23721924 1.        ]
[0.00875336 1.        ]
[0.9 1. ]
[0.9 1. ]
[0.45313305 1.        ]
[-0.9  1. ]
[0.10837292 1.        ]
[-0.9  1. ]
[-0.45665166  1.        ]
[-0.9  1. ]
[-0.34810898  1.        ]
[-0.6288662  1.       ]
[-0.55042785  1.        ]
[-0.8341428  1.       ]
[0.35414973 1.        ]
[-0.41464552  1.        ]
[-0.9  1. ]
[0.8262603 1.       ]
[0.20255913 1.        ]
[0.7746261 1.       ]
[-0.9  1. ]
[0.46719074 1.        ]
[-0.10796151  1.        ]
[0.4588865 1.       ]
[-0.9  1. ]
[0.50558054 1.        ]
[-0.9  1. ]
[0.15565348 1.        ]
[-0.81022024  1.        ]
[0.1626019 1.       ]
[-0.00428602  1.        ]
[-0.891367  1.      ]
[-0.8249423  1.       ]
[0.9 1. ]
[-0.9  1. ]
[0.4425539 1.       ]
[0.16135818 1.        ]
[-0.26477495  1.        ]
[-0.9  1. ]
[0.6004565 1.       ]
[0.7951725 1.       ]
[-0.9  1. ]
[0.03081691 1.        ]
[-0.35778555  1.        ]
[-0.850617  1.      ]
[-0.9  1. ]
[-0.28320917  1.        ]
[0.9 1. ]
[0.9 1. ]
[-0.9  1. ]
[-0.83218586  1.        ]
[-0.9  1. ]
[0.9 1. ]
[0.09273999 1.        ]
[0.9 1. ]
[0.02834183 1.        ]
[0.38067964 1.        ]
[0.19992147 1.        ]
[0.80516875 1.        ]
[0.9 1. ]
[0.9 1. ]
[-0.13488932  1.        ]
[-0.38272056  1.        ]
[0.70115095 1.        ]
[-0.65555114  1.        ]
[0.13727494 1.        ]
[-0.9  1. ]
[-0.9  1. ]
[0.06296696 1.        ]
[0.33375394 1.        ]
[0.9 1. ]
[-0.9  1. ]
[0.9 1. ]
[0.724643 1.      ]
[-0.9  1. ]
[-0.6176339  1.       ]
[0.22407761 1.        ]
[0.9 1. ]
[0.9 1. ]
[0.17856663 1.        ]
[0.560619 1.      ]
[0.9 1. ]
[0.70873386 1.        ]
[-0.18219456  1.        ]
[0.823116 1.      ]
[-0.9  1. ]
[-0.9  1. ]
[-0.06763041  1.        ]
[0.88154733 1.        ]
[-0.9  1. ]
[0.86420316 1.        ]
[-0.03097001  1.        ]
[-0.9  1. ]
[0.9 1. ]
[-0.70037264  1.        ]
[0.8084367 1.       ]
[-0.9  1. ]
[-0.9  1. ]
[-0.06076707  1.        ]
[0.09723916 1.        ]
[0.02589186 1.        ]
[0.32676157 1.        ]
[0.70208764 1.        ]
[-0.21243209  1.        ]
[-0.9  1. ]
[-0.3663584  1.       ]
[-0.85539424  1.        ]
[0.8890988 1.       ]
[-0.750775  1.      ]
[0.06622732 1.        ]
[-0.04688494  1.        ]
[0.38587365 1.        ]
[0.9 1. ]
[0.24091132 1.        ]
[0.12035453 1.        ]
[-0.9  1. ]
[-0.18217596  1.        ]
[-0.13155086  1.        ]
[0.9 1. ]
[-0.402197  1.      ]
[0.05302191 1.        ]
[-0.23373306  1.        ]
[-0.9  1. ]
[-0.08811329  1.        ]
[0.13014005 1.        ]
[0.41133955 1.        ]
[0.7128034 1.       ]
[-0.41002318  1.        ]
[-0.9  1. ]
[0.9 1. ]
[-0.1813417  1.       ]
[-0.9  1. ]
[0.37179735 1.        ]
[-0.9  1. ]
[-0.47782487  1.        ]
[0.4701965 1.       ]
[-0.9  1. ]
[-0.13187972  1.        ]
[0.07365226 1.        ]
[-0.9  1. ]
[0.6112934 1.       ]
[-0.6438084  1.       ]
[0.9 1. ]
[-0.9  1. ]
[-0.9  1. ]
[-0.38938802  1.        ]
[0.9 1. ]
[-0.22698183  1.        ]
[0.6016659 1.       ]
[-0.9  1. ]
[-0.04457456  1.        ]
[-0.9  1. ]
[0.9 1. ]
[-0.24380226  1.        ]
[0.24266353 1.        ]
[-0.17948431  1.        ]
[-0.43641642  1.        ]
[-0.9  1. ]
[0.9 1. ]
[0.56374246 1.        ]
[0.9 1. ]
[-0.34763414  1.        ]
[-0.9  1. ]
[0.09754615 1.        ]
[0.9 1. ]
[-0.48857868  1.        ]
[-0.24523224  1.        ]
[-0.9  1. ]
[0.43909925 1.        ]
[0.41151723 1.        ]
[-0.28555542  1.        ]
[0.37602395 1.        ]
[-0.89454913  1.        ]
[0.9 1. ]
[0.9 1. ]
[-0.9  1. ]
[0.54334253 1.        ]
[0.36343586 1.        ]
[-0.9  1. ]
[0.37481648 1.        ]
[-0.08599901  1.        ]
[0.02879728 1.        ]
[-0.0074539  1.       ]
[0.9 1. ]
[0.5751983 1.       ]
[0.9 1. ]
[0.66329056 1.        ]
[-0.9  1. ]
[-0.9  1. ]
[-0.9  1. ]
[-0.9  1. ]
[0.7836119 1.       ]
[-0.28316033  1.        ]
[-0.04571475  1.        ]
[-0.89885044  1.        ]
[-0.73496157  1.        ]
[0.5448694 1.       ]
[0.9 1. ]
[-0.9  1. ]
[0.31628484 1.        ]
[-0.9  1. ]
[-0.11457549  1.        ]
[-0.9  1. ]
[-0.05014545  1.        ]
[0.15385629 1.        ]
[0.05494594 1.        ]
[-0.3513351  1.       ]
[0.8584679 1.       ]
[-0.19077088  1.        ]
[-0.27041584  1.        ]
[0.16286956 1.        ]
[0.9 1. ]
[-0.41147846  1.        ]
[0.9 1. ]
[0.9 1. ]
[-0.9  1. ]
[0.58006793 1.        ]
[-0.9  1. ]
[0.6743148 1.       ]
[-0.07787581  1.        ]
[-0.03726015  1.        ]
[0.9 1. ]
[0.9 1. ]
[0.9 1. ]
[-0.0451607  1.       ]
[0.5877248 1.       ]
[-0.9  1. ]
[-0.15437151  1.        ]
[-0.5224476  1.       ]
[-0.9  1. ]
[-0.32170638  1.        ]
[-0.07855042  1.        ]
[-0.9  1. ]
[0.00126343 1.        ]
[-0.9  1. ]
[-0.9  1. ]
[-0.9  1. ]
[0.22224736 1.        ]
[0.676143 1.      ]
[0.9 1. ]
[-0.9  1. ]
[0.9 1. ]
[0.9 1. ]
[-0.7615452  1.       ]
[0.24142615 1.        ]
[0.7992161 1.       ]
[0.21390267 1.        ]
[0.47650638 1.        ]
[0.9 1. ]
[-0.9  1. ]
[0.9 1. ]
[-0.9  1. ]
[-0.9  1. ]
[-0.9  1. ]
[-0.09821989  1.        ]
[0.13855778 1.        ]
[-0.9  1. ]
[-0.8415164  1.       ]
[-0.9  1. ]
[0.6893069 1.       ]
[0.8626658 1.       ]
[0.61771023 1.        ]
[-0.9  1. ]
[0.4501153 1.       ]
[0.9 1. ]
[0.397944 1.      ]
[-0.9  1. ]
[-0.48256746  1.        ]
[0.29072085 1.        ]
[0.6956793 1.       ]
[-0.9  1. ]
[0.64291424 1.        ]
[-0.6572649  1.       ]
[0.7363158 1.       ]
[-0.88612956  1.        ]
[-0.60792124  1.        ]
[0.9 1. ]
[-0.9  1. ]
[-0.9  1. ]
[-0.9  1. ]
[0.52696455 1.        ]
[0.88791746 1.        ]
[-0.51421386  1.        ]
[0.7198016 1.       ]
[-0.9  1. ]
[0.7184705 1.       ]
[-0.27787316  1.        ]
[0.32209378 1.        ]
[0.9 1. ]
[0.5008819 1.       ]
[0.9 1. ]
[-0.30209973  1.        ]
[-0.29661214  1.        ]
[0.9 1. ]
[-0.9  1. ]
[-0.45210525  1.        ]
[0.3596342 1.       ]
[0.5572878 1.       ]
[0.29209685 1.        ]
[0.9 1. ]
[0.6946897 1.       ]
[0.57838243 1.        ]
[-0.15408607  1.        ]
[0.5397901 1.       ]
[0.03874922 1.        ]
[-0.8386297  1.       ]
[0.9 1. ]
[-0.51853484  1.        ]
[0.9 1. ]
[0.8902495 1.       ]
[-0.0132393  1.       ]
[0.23903014 1.        ]
[-0.03150416  1.        ]
[0.9 1. ]
[-0.9  1. ]
[0.22651714 1.        ]
[0.4188535 1.       ]
[0.29765934 1.        ]
[0.9 1. ]
[-0.5121584  1.       ]
[0.9 1. ]
[-0.39015073  1.        ]
[0.05720915 1.        ]
[-0.76818955  1.        ]
[-0.09348005  1.        ]
[-0.58456725  1.        ]
[-0.9  1. ]
[-0.8221552  1.       ]
[0.9 1. ]
[0.9 1. ]
[-0.15623784  1.        ]
[0.9 1. ]
[0.257501 1.      ]
[0.45180514 1.        ]
[-0.9  1. ]
[-0.42636803  1.        ]
[0.9 1. ]
[0.9 1. ]
[0.8730578 1.       ]
[-0.9  1. ]
[-0.535062  1.      ]
[0.15684022 1.        ]
[0.36332178 1.        ]
[0.70139426 1.        ]
[0.9 1. ]
[0.15146782 1.        ]
[-0.06813307  1.        ]
[0.47035217 1.        ]
[-0.9  1. ]
[0.50487095 1.        ]
[-0.7727923  1.       ]
[-0.87255293  1.        ]
[-0.57894367  1.        ]
[0.9 1. ]
[0.9 1. ]
[-0.63359463  1.        ]
[0.61938995 1.        ]
[0.9 1. ]
[0.6113727 1.       ]
[0.46132252 1.        ]
[0.9 1. ]
[0.9 1. ]
[-0.9  1. ]
[0.18217644 1.        ]
[0.9 1. ]
[-0.13652238  1.        ]
[-0.9  1. ]
[0.6723161 1.       ]
[-0.9  1. ]
[-0.20306079  1.        ]
[-0.30811948  1.        ]
[-0.9  1. ]
[-0.9  1. ]
[-0.9  1. ]
[0.9 1. ]
[-0.2946884  1.       ]
[-0.7918426  1.       ]
[0.73531663 1.        ]
[0.9 1. ]
[0.9 1. ]
[0.9 1. ]
[0.9 1. ]
[-0.6447018  1.       ]
[0.9 1. ]
[-0.23451559  1.        ]
[-0.12787135  1.        ]
[0.22200882 1.        ]
[0.5540285 1.       ]
[-0.6606802  1.       ]
[0.9 1. ]
[-0.9  1. ]
[0.13184413 1.        ]
[0.10878117 1.        ]
[-0.37294167  1.        ]
[0.7503311 1.       ]
[-0.9  1. ]
[-0.40562478  1.        ]
[0.5212107 1.       ]
[0.8528634 1.       ]
[-0.5529753  1.       ]
[0.568059 1.      ]
[0.9 1. ]
[-0.10813206  1.        ]
[-0.27429336  1.        ]
[0.9 1. ]
[0.27659956 1.        ]
[-0.9  1. ]
[0.79665637 1.        ]
[0.28656894 1.        ]
[0.16158426 1.        ]
[0.9 1. ]
[-0.9  1. ]
[-0.37005922  1.        ]
[-0.34434244  1.        ]
[0.9 1. ]
[0.16743147 1.        ]
[-0.9  1. ]
[-0.15359107  1.        ]
[0.57131505 1.        ]
[-0.79772156  1.        ]
[0.23821913 1.        ]
[-0.9  1. ]
[0.5876694 1.       ]
[-0.9  1. ]
[0.5964792 1.       ]
[-0.9  1. ]
[-0.84386647  1.        ]
[0.5959833 1.       ]
[-0.9  1. ]
[-0.3997086  1.       ]
[0.9 1. ]
[0.9 1. ]
[0.640522 1.      ]
[-0.38758376  1.        ]
[0.45676392 1.        ]
[0.1406333 1.       ]
[0.34158152 1.        ]
[0.8441251 1.       ]
[0.6460934 1.       ]
[0.9 1. ]
[-0.71787137  1.        ]
[-0.20763125  1.        ]
[0.1939341 1.       ]
[-0.9  1. ]
[-0.5845964  1.       ]
[-0.9  1. ]
[-0.9  1. ]
[0.5325909 1.       ]
[-0.7604196  1.       ]
[-0.9  1. ]
[-0.7021972  1.       ]
[-0.9  1. ]
[0.01256948 1.        ]
[0.9 1. ]
[-0.74323213  1.        ]
[0.9 1. ]
[0.31454423 1.        ]
[0.40534684 1.        ]
[-0.5026142  1.       ]
[-0.45349532  1.        ]
[0.9 1. ]
[-0.5144487  1.       ]
[0.5974804 1.       ]
[-0.23568283  1.        ]
[0.30110964 1.        ]
[0.7186108 1.       ]
[-0.39706182  1.        ]
[-0.36316493  1.        ]
[-0.7766174  1.       ]
[-0.6434588  1.       ]
[0.77367175 1.        ]
[-0.21894094  1.        ]
[-0.5702666  1.       ]
[0.03860773 1.        ]
[0.05110966 1.        ]
[-0.32457736  1.        ]
[-0.9  1. ]
[0.33871537 1.        ]
[0.9 1. ]
[0.8602341 1.       ]
[-0.9  1. ]
[0.7912294 1.       ]
[0.58399147 1.        ]
[0.9 1. ]
[-0.03447116  1.        ]
[0.45305967 1.        ]
[-0.09242177  1.        ]
[-0.77361304  1.        ]
[0.5951586 1.       ]
[-0.9  1. ]
[0.22095056 1.        ]
[0.9 1. ]
[0.9 1. ]
[-0.1655632  1.       ]
[0.5899321 1.       ]
[-0.9  1. ]
[0.3508429 1.       ]
[-0.32858413  1.        ]
[-0.9  1. ]
[0.35138938 1.        ]
[0.9 1. ]
[-0.6442758  1.       ]
[-0.9  1. ]
[-0.9  1. ]
[0.9 1. ]
[0.38132784 1.        ]
[0.18414567 1.        ]
[-0.6171975  1.       ]
[0.74956 1.     ]
[0.88153446 1.        ]
[0.03035078 1.        ]
[0.5165684 1.       ]
[0.9 1. ]
[0.9 1. ]
[-0.6642275  1.       ]
[-0.6577652  1.       ]
[-0.06764583  1.        ]
[0.36825228 1.        ]
[0.9 1. ]
[-0.9  1. ]
[0.24137215 1.        ]
[-0.9  1. ]
[0.4248992 1.       ]
[-0.0244886  1.       ]
[0.9 1. ]
[0.41829282 1.        ]
[-0.9  1. ]
[0.01919991 1.        ]
[0.6608093 1.       ]
[0.9 1. ]
[0.9 1. ]
[0.9 1. ]
[-0.9  1. ]
[0.8029167 1.       ]
[-0.34308532  1.        ]
[0.9 1. ]
[0.2885303 1.       ]
[0.9 1. ]
[-0.9  1. ]
[-0.9  1. ]
[0.9 1. ]
[0.7372271 1.       ]
[-0.664883  1.      ]
[0.9 1. ]
[0.89332235 1.        ]
[-0.33884808  1.        ]
[0.9 1. ]
[-0.4074531  1.       ]
[0.9 1. ]
[0.00318848 1.        ]
[0.9 1. ]
[-0.09084488  1.        ]
[-0.9  1. ]
[-0.28802472  1.        ]
[0.31144887 1.        ]
[-0.8650955  1.       ]
[0.26439634 1.        ]
[0.9 1. ]
[0.20019808 1.        ]
[0.9 1. ]
[0.17013341 1.        ]
[-0.2738275  1.       ]
[0.9 1. ]
[-0.9  1. ]
[-0.7609564  1.       ]
[-0.24880044  1.        ]
[0.9 1. ]
[0.08124764 1.        ]
[-0.08957678  1.        ]
[0.1916664 1.       ]
[0.4356051 1.       ]
[-0.9  1. ]
[0.7720044 1.       ]
[0.56689423 1.        ]
[0.9 1. ]
[-0.02355873  1.        ]
[-0.9  1. ]
[0.15737227 1.        ]
[-0.05335145  1.        ]
[-0.9  1. ]
[0.9 1. ]
[-0.9  1. ]
[0.9 1. ]
[-0.06866711  1.        ]
[0.30420214 1.        ]
[0.9 1. ]
[-0.3035871  1.       ]
[-0.41721797  1.        ]
[-0.9  1. ]
[0.9 1. ]
[0.9 1. ]
[-0.8935418  1.       ]
[0.21705343 1.        ]
[-0.9  1. ]
[-0.490076  1.      ]
[-0.47627234  1.        ]
[-0.15983239  1.        ]
[0.80907166 1.        ]
[-0.9  1. ]
[0.75716525 1.        ]
[-0.45426357  1.        ]
[-0.6406125  1.       ]
[0.32342505 1.        ]
[-0.721564  1.      ]
[-0.85822254  1.        ]
[0.6203376 1.       ]
[0.25039282 1.        ]
[0.9 1. ]
[-0.9  1. ]
[-0.3242033  1.       ]
[-0.10881407  1.        ]
[0.20202811 1.        ]
[0.9 1. ]
[-0.9  1. ]
[-0.85808074  1.        ]
[-0.0729534  1.       ]
[0.26397032 1.        ]
[-0.9  1. ]
[-0.36310175  1.        ]
[0.8440311 1.       ]
[0.9 1. ]
[-0.9  1. ]
[-0.23788929  1.        ]
[-0.30144495  1.        ]
[0.9 1. ]
[0.9 1. ]
[0.9 1. ]
[0.5636767 1.       ]
[0.9 1. ]
[-0.9  1. ]
[0.9 1. ]
[-0.5606044  1.       ]
[-0.25497523  1.        ]
[0.9 1. ]
[0.9 1. ]
[0.6578904 1.       ]
[0.24968667 1.        ]
[0.806905 1.      ]
[-0.9  1. ]
[-0.9  1. ]
[-0.9  1. ]
[-0.9  1. ]
[-0.26990214  1.        ]
[-0.66952986  1.        ]
[0.9 1. ]
[-0.16180228  1.        ]
[0.24744135 1.        ]
[-0.10594465  1.        ]
[0.9 1. ]
[-0.9  1. ]
[-0.7181368  1.       ]
[-0.9  1. ]
[0.29892036 1.        ]
[0.20848787 1.        ]
[-0.21296746  1.        ]
[0.9 1. ]
[-0.9  1. ]
[0.9 1. ]
[-0.9  1. ]
[-0.21971266  1.        ]
[-0.9  1. ]
[0.9 1. ]
[0.07718486 1.        ]
[0.1256823 1.       ]
[-0.9  1. ]
[-0.46285695  1.        ]
[0.9 1. ]
[0.04102162 1.        ]
[-0.7462311  1.       ]
[-0.9  1. ]
[0.5331654 1.       ]
[-0.31912035  1.        ]
[-0.555619  1.      ]
[0.5799903 1.       ]
[0.02962356 1.        ]
[-0.9  1. ]
[0.9 1. ]
[-0.39354888  1.        ]
