-0.4629498  1.       ]
[0.0258164 1.       ]
[-0.42025077  1.        ]
[0.77173257 1.        ]
[-0.48009172  1.        ]
[-0.8943706  1.       ]
[-0.5166526  1.       ]
[0.9 1. ]
[0.9 1. ]
[0.9 1. ]
[0.4144043 1.       ]
[-0.9  1. ]
[-0.5220572  1.       ]
[0.05144506 1.        ]
[-0.9  1. ]
[-0.3827372  1.       ]
[-0.7371029  1.       ]
[0.9 1. ]
[0.9 1. ]
[-0.45742103  1.        ]
[0.23820405 1.        ]
[-0.9  1. ]
[-0.4890808  1.       ]
[-0.9  1. ]
[0.9 1. ]
[0.9 1. ]
[-0.56279176  1.        ]
[-0.39224964  1.        ]
[-0.23488411  1.        ]
[-0.6244264  1.       ]
[0.78696203 1.        ]
[0.9 1. ]
[-0.46950313  1.        ]
[0.1124946 1.       ]
[0.9 1. ]
[-0.9  1. ]
[-0.83014315  1.        ]
[0.9 1. ]
[-0.8821626  1.       ]
[0.39636555 1.        ]
[-0.9  1. ]
[0.9 1. ]
[0.5464218 1.       ]
[-0.2517224  1.       ]
[0.23098895 1.        ]
[0.7036644 1.       ]
[-0.69958234  1.        ]
[0.75232506 1.        ]
[0.39058045 1.        ]
[-0.02690189  1.        ]
[-0.14090496  1.        ]
[0.6332392 1.       ]
[-0.9  1. ]
[-0.9  1. ]
[-0.9  1. ]
[0.9 1. ]
[-0.5164754  1.       ]
[0.65277445 1.        ]
[0.19921839 1.        ]
[0.6761355 1.       ]
[0.9 1. ]
[0.17318933 1.        ]
[0.9 1. ]
[-0.9  1. ]
[0.308322 1.      ]
[0.9 1. ]
[0.9 1.